# Created by Octave 4.0.0, Wed Oct 07 14:24:10 2015 India Standard Time <unknown@Manikanta>
# name: pred
# type: matrix
# rows: 14273
# columns: 1
 3
 4
 3
 3
 1
 3
 3
 3
 3
 3
 4
 3
 4
 1
 3
 3
 3
 1
 3
 1
 4
 1
 4
 1
 4
 4
 1
 4
 3
 3
 3
 3
 1
 1
 1
 3
 3
 1
 1
 3
 3
 3
 4
 3
 3
 4
 3
 4
 3
 4
 4
 4
 3
 2
 4
 1
 3
 3
 1
 1
 4
 4
 4
 1
 4
 1
 4
 1
 3
 3
 4
 3
 1
 4
 4
 4
 4
 1
 3
 4
 3
 1
 3
 4
 3
 1
 4
 4
 4
 4
 3
 3
 1
 3
 3
 3
 3
 4
 3
 4
 3
 4
 4
 1
 3
 3
 4
 3
 3
 3
 4
 3
 4
 3
 3
 3
 3
 4
 1
 3
 4
 1
 3
 1
 3
 1
 3
 3
 3
 3
 3
 3
 3
 4
 4
 1
 1
 1
 3
 3
 3
 1
 4
 3
 1
 4
 3
 3
 4
 3
 3
 4
 4
 3
 1
 3
 3
 3
 4
 3
 1
 3
 3
 1
 3
 1
 4
 3
 4
 3
 3
 1
 4
 3
 1
 3
 3
 4
 1
 4
 4
 3
 4
 3
 4
 3
 1
 1
 1
 3
 3
 3
 3
 1
 4
 4
 4
 4
 3
 3
 4
 4
 3
 3
 1
 1
 3
 1
 1
 1
 1
 4
 3
 3
 3
 1
 4
 1
 4
 1
 3
 1
 4
 4
 3
 1
 3
 1
 1
 1
 3
 3
 3
 4
 3
 1
 4
 1
 1
 3
 1
 3
 4
 3
 1
 3
 3
 1
 3
 3
 4
 1
 3
 4
 3
 3
 3
 3
 1
 4
 3
 3
 3
 3
 3
 3
 4
 3
 3
 3
 1
 3
 3
 1
 3
 4
 3
 1
 3
 4
 3
 4
 3
 1
 4
 4
 1
 1
 3
 3
 1
 3
 4
 4
 3
 3
 3
 3
 1
 1
 3
 4
 1
 4
 3
 4
 4
 3
 1
 3
 3
 3
 3
 4
 1
 1
 3
 1
 1
 1
 4
 1
 3
 3
 3
 1
 4
 4
 3
 1
 1
 4
 3
 3
 1
 4
 1
 1
 3
 1
 1
 1
 3
 1
 1
 3
 1
 3
 3
 3
 1
 3
 3
 3
 3
 4
 3
 4
 4
 4
 3
 4
 3
 1
 4
 4
 3
 3
 3
 4
 3
 4
 1
 1
 4
 1
 4
 4
 1
 4
 3
 1
 3
 1
 1
 3
 3
 3
 4
 1
 4
 4
 1
 4
 4
 4
 3
 4
 1
 1
 1
 3
 4
 3
 3
 1
 4
 3
 1
 3
 1
 1
 3
 1
 1
 1
 3
 3
 3
 3
 1
 1
 1
 4
 3
 4
 1
 3
 4
 3
 4
 4
 1
 4
 3
 1
 3
 3
 3
 3
 4
 3
 1
 4
 4
 1
 3
 4
 1
 1
 4
 4
 1
 4
 1
 1
 1
 3
 4
 4
 3
 4
 3
 4
 1
 4
 1
 4
 1
 3
 3
 4
 1
 3
 4
 1
 3
 3
 1
 1
 1
 3
 1
 3
 1
 4
 3
 1
 4
 3
 4
 4
 1
 3
 3
 1
 4
 4
 3
 1
 3
 1
 3
 3
 4
 3
 4
 3
 4
 1
 4
 1
 4
 4
 3
 4
 3
 4
 4
 3
 3
 3
 1
 1
 3
 3
 3
 1
 3
 3
 3
 4
 1
 3
 3
 3
 4
 3
 4
 3
 3
 1
 3
 4
 3
 3
 3
 3
 3
 4
 1
 3
 1
 3
 3
 1
 1
 1
 3
 3
 3
 4
 4
 4
 3
 3
 3
 3
 3
 3
 3
 1
 3
 4
 4
 3
 3
 1
 3
 1
 1
 3
 3
 1
 3
 1
 3
 4
 4
 3
 4
 4
 3
 3
 3
 3
 4
 3
 4
 3
 3
 4
 1
 4
 3
 3
 4
 3
 4
 3
 3
 3
 4
 1
 3
 3
 3
 3
 4
 3
 4
 3
 4
 1
 3
 4
 4
 4
 3
 3
 4
 1
 3
 3
 1
 1
 4
 3
 1
 3
 3
 1
 3
 4
 4
 4
 4
 4
 3
 4
 3
 3
 4
 3
 3
 3
 3
 4
 4
 4
 4
 3
 3
 3
 1
 1
 3
 1
 1
 4
 1
 1
 3
 3
 4
 3
 3
 4
 4
 1
 4
 3
 3
 3
 4
 3
 3
 3
 3
 1
 4
 1
 1
 1
 3
 1
 3
 3
 3
 3
 3
 1
 1
 3
 4
 3
 1
 3
 1
 1
 1
 3
 1
 4
 1
 3
 3
 3
 4
 3
 4
 1
 4
 4
 4
 3
 1
 4
 4
 1
 4
 3
 1
 4
 3
 4
 4
 3
 3
 3
 4
 1
 3
 3
 4
 3
 4
 4
 4
 3
 4
 4
 4
 3
 1
 4
 1
 4
 1
 4
 4
 3
 1
 3
 4
 3
 4
 4
 4
 3
 4
 4
 2
 4
 1
 3
 1
 1
 3
 3
 4
 3
 1
 2
 4
 3
 3
 1
 4
 3
 1
 1
 3
 4
 3
 3
 4
 3
 3
 4
 3
 3
 3
 3
 3
 1
 1
 4
 1
 3
 3
 3
 1
 1
 4
 1
 1
 4
 4
 3
 4
 1
 1
 3
 4
 4
 4
 4
 1
 4
 4
 1
 1
 4
 4
 3
 3
 3
 1
 3
 1
 3
 4
 3
 3
 4
 3
 4
 3
 4
 4
 1
 3
 4
 4
 3
 1
 3
 3
 4
 3
 4
 4
 4
 1
 3
 3
 1
 4
 3
 4
 1
 3
 3
 4
 4
 4
 4
 3
 1
 3
 3
 4
 1
 3
 3
 3
 4
 3
 4
 3
 3
 3
 1
 3
 4
 1
 3
 3
 3
 1
 1
 3
 3
 3
 3
 1
 4
 4
 3
 4
 1
 3
 1
 1
 1
 4
 3
 1
 3
 3
 4
 4
 3
 3
 3
 3
 1
 3
 4
 1
 3
 3
 3
 1
 3
 3
 1
 3
 3
 1
 4
 3
 4
 3
 4
 1
 3
 3
 3
 4
 3
 3
 4
 3
 3
 1
 4
 4
 4
 4
 3
 4
 1
 4
 1
 3
 1
 3
 3
 3
 3
 3
 3
 3
 1
 1
 3
 1
 4
 4
 4
 3
 4
 3
 1
 3
 4
 3
 1
 3
 4
 1
 1
 1
 3
 1
 3
 1
 1
 4
 1
 4
 3
 1
 4
 1
 3
 4
 3
 4
 3
 3
 3
 4
 3
 4
 4
 1
 1
 3
 4
 3
 3
 1
 3
 3
 3
 3
 1
 3
 4
 1
 3
 3
 3
 1
 3
 3
 3
 1
 3
 3
 3
 3
 3
 3
 4
 1
 1
 3
 3
 3
 1
 3
 1
 4
 3
 4
 4
 3
 4
 3
 4
 3
 1
 1
 3
 4
 1
 3
 1
 3
 4
 4
 1
 4
 3
 4
 3
 3
 4
 4
 4
 3
 3
 4
 3
 1
 1
 4
 3
 3
 1
 1
 1
 3
 3
 3
 1
 4
 3
 1
 3
 1
 4
 3
 3
 3
 1
 1
 3
 1
 3
 3
 1
 4
 1
 4
 1
 3
 3
 3
 1
 3
 4
 4
 1
 1
 4
 4
 4
 4
 3
 4
 3
 3
 4
 1
 4
 3
 4
 3
 3
 4
 3
 4
 3
 3
 3
 1
 3
 4
 1
 3
 1
 4
 3
 1
 3
 4
 3
 3
 4
 3
 4
 1
 1
 3
 1
 3
 4
 1
 3
 4
 4
 1
 3
 4
 1
 1
 3
 3
 3
 4
 3
 1
 4
 1
 3
 1
 3
 1
 4
 4
 1
 3
 1
 3
 3
 3
 4
 3
 4
 4
 3
 1
 3
 3
 4
 4
 3
 3
 1
 4
 3
 3
 3
 3
 4
 3
 4
 4
 1
 3
 4
 4
 1
 1
 3
 3
 3
 4
 3
 4
 4
 4
 1
 3
 4
 3
 3
 1
 1
 1
 4
 4
 3
 3
 1
 1
 3
 3
 3
 1
 4
 3
 3
 1
 4
 3
 1
 3
 3
 3
 4
 3
 1
 1
 3
 4
 1
 3
 1
 4
 4
 1
 4
 4
 3
 3
 1
 3
 1
 1
 3
 3
 1
 3
 4
 3
 3
 3
 3
 4
 4
 3
 1
 1
 3
 3
 4
 3
 3
 3
 4
 1
 4
 3
 1
 3
 4
 3
 3
 3
 4
 1
 1
 3
 1
 1
 1
 4
 3
 4
 1
 1
 4
 1
 4
 1
 1
 1
 3
 3
 4
 3
 3
 4
 1
 4
 1
 3
 3
 4
 1
 3
 3
 4
 3
 1
 4
 1
 3
 4
 4
 3
 4
 1
 3
 4
 3
 4
 3
 4
 1
 3
 3
 3
 4
 3
 1
 1
 1
 3
 4
 1
 1
 4
 4
 4
 3
 1
 4
 4
 3
 4
 1
 4
 1
 4
 3
 1
 4
 3
 3
 1
 1
 4
 3
 3
 3
 4
 3
 4
 1
 4
 4
 4
 3
 3
 3
 4
 4
 4
 4
 4
 4
 3
 3
 4
 1
 4
 4
 3
 4
 4
 3
 3
 3
 4
 1
 1
 1
 3
 1
 1
 3
 3
 3
 1
 3
 3
 1
 3
 1
 3
 4
 3
 3
 1
 1
 3
 4
 4
 3
 1
 4
 1
 3
 3
 1
 1
 3
 4
 3
 3
 4
 4
 1
 4
 4
 3
 1
 1
 1
 4
 4
 3
 4
 3
 3
 3
 1
 4
 3
 4
 1
 1
 3
 4
 1
 3
 1
 3
 1
 1
 4
 1
 3
 3
 1
 1
 1
 3
 4
 4
 1
 4
 1
 4
 1
 4
 3
 3
 4
 4
 3
 4
 3
 3
 3
 3
 1
 4
 4
 4
 1
 4
 1
 1
 4
 4
 3
 3
 1
 4
 2
 3
 4
 4
 1
 4
 3
 3
 3
 1
 4
 1
 1
 4
 3
 3
 1
 4
 3
 1
 1
 1
 3
 4
 3
 4
 4
 1
 1
 3
 3
 3
 3
 1
 3
 1
 3
 3
 1
 3
 4
 4
 3
 1
 3
 4
 1
 3
 1
 1
 1
 3
 4
 4
 4
 4
 1
 1
 4
 3
 3
 1
 1
 4
 3
 4
 4
 1
 3
 4
 4
 4
 4
 1
 3
 3
 3
 1
 3
 1
 3
 3
 1
 1
 4
 4
 3
 1
 1
 1
 1
 4
 3
 3
 3
 3
 1
 3
 3
 3
 3
 3
 3
 4
 1
 1
 3
 3
 1
 4
 4
 4
 4
 3
 3
 3
 1
 3
 1
 3
 1
 3
 3
 4
 3
 1
 3
 1
 3
 3
 4
 4
 4
 4
 4
 3
 4
 3
 1
 4
 4
 3
 3
 3
 4
 1
 1
 4
 4
 3
 3
 1
 3
 3
 3
 3
 4
 3
 3
 1
 4
 1
 4
 4
 4
 4
 4
 4
 1
 3
 3
 3
 4
 4
 3
 4
 3
 1
 1
 1
 3
 1
 1
 1
 4
 4
 1
 3
 4
 3
 3
 1
 3
 1
 1
 3
 4
 4
 1
 1
 3
 1
 4
 4
 3
 3
 3
 4
 3
 4
 1
 4
 4
 3
 4
 4
 3
 4
 3
 3
 3
 3
 1
 3
 3
 3
 3
 4
 4
 4
 3
 3
 3
 3
 3
 4
 3
 1
 3
 1
 4
 4
 3
 3
 3
 4
 4
 4
 4
 1
 3
 4
 4
 4
 3
 4
 3
 3
 3
 3
 4
 4
 3
 3
 3
 3
 3
 3
 3
 3
 1
 3
 3
 1
 3
 4
 3
 3
 1
 1
 4
 3
 3
 3
 1
 3
 3
 4
 3
 3
 3
 3
 3
 1
 3
 1
 3
 3
 4
 3
 1
 4
 4
 4
 4
 1
 1
 3
 1
 3
 4
 1
 1
 3
 1
 3
 4
 4
 3
 3
 4
 4
 3
 4
 3
 1
 3
 4
 1
 4
 4
 3
 1
 4
 3
 1
 4
 3
 3
 1
 1
 1
 4
 1
 1
 1
 3
 1
 4
 4
 4
 1
 1
 1
 1
 3
 1
 3
 1
 3
 1
 4
 3
 1
 3
 4
 3
 3
 4
 3
 4
 3
 3
 3
 3
 1
 3
 4
 3
 4
 1
 3
 4
 3
 4
 3
 1
 1
 1
 3
 4
 3
 1
 1
 3
 1
 4
 4
 4
 4
 1
 3
 4
 3
 3
 1
 4
 3
 4
 3
 4
 4
 4
 4
 3
 1
 1
 3
 4
 3
 3
 4
 3
 3
 3
 3
 4
 3
 3
 4
 1
 1
 3
 4
 1
 3
 3
 4
 4
 3
 3
 1
 1
 3
 4
 1
 3
 4
 1
 3
 1
 4
 1
 4
 1
 3
 1
 1
 3
 4
 4
 3
 1
 3
 1
 3
 3
 4
 4
 4
 1
 3
 3
 3
 3
 1
 3
 4
 1
 3
 3
 1
 1
 3
 4
 1
 1
 4
 3
 4
 4
 4
 4
 3
 3
 1
 4
 1
 1
 3
 3
 4
 4
 1
 3
 1
 3
 4
 4
 3
 4
 4
 3
 3
 4
 1
 3
 3
 3
 1
 1
 1
 1
 4
 4
 4
 1
 1
 3
 1
 4
 4
 4
 4
 4
 3
 3
 1
 1
 3
 1
 4
 3
 3
 3
 3
 3
 3
 3
 3
 1
 3
 3
 1
 3
 3
 3
 1
 4
 3
 4
 1
 1
 1
 1
 3
 4
 4
 1
 1
 3
 3
 3
 3
 3
 1
 3
 3
 3
 3
 1
 1
 4
 3
 4
 3
 3
 3
 1
 3
 1
 1
 1
 1
 1
 1
 1
 3
 3
 3
 3
 3
 3
 1
 4
 1
 3
 1
 3
 4
 3
 4
 3
 4
 4
 1
 3
 4
 1
 4
 4
 3
 3
 1
 1
 1
 3
 3
 4
 4
 3
 1
 3
 4
 3
 4
 3
 1
 3
 3
 3
 4
 3
 4
 1
 1
 3
 1
 3
 3
 3
 3
 4
 4
 1
 4
 4
 4
 3
 3
 4
 3
 1
 3
 3
 1
 4
 3
 4
 1
 4
 4
 3
 3
 4
 3
 3
 3
 3
 3
 4
 3
 1
 3
 3
 4
 1
 4
 3
 4
 3
 1
 3
 4
 1
 3
 1
 4
 4
 4
 4
 4
 1
 4
 3
 3
 4
 1
 3
 3
 4
 1
 4
 3
 1
 1
 3
 2
 3
 1
 3
 1
 3
 4
 3
 1
 3
 3
 1
 3
 4
 4
 3
 3
 3
 1
 1
 3
 4
 1
 3
 1
 4
 2
 3
 1
 1
 1
 4
 1
 3
 1
 4
 4
 3
 4
 4
 3
 1
 4
 3
 4
 1
 3
 4
 4
 4
 1
 3
 3
 3
 1
 3
 4
 3
 3
 3
 3
 1
 1
 3
 4
 3
 4
 1
 4
 4
 1
 4
 1
 3
 3
 1
 3
 3
 3
 4
 3
 3
 1
 1
 3
 3
 3
 3
 4
 1
 3
 3
 4
 3
 1
 4
 3
 3
 4
 1
 1
 4
 4
 3
 1
 3
 4
 3
 4
 4
 1
 4
 4
 3
 3
 4
 4
 4
 3
 4
 3
 3
 4
 3
 3
 3
 3
 3
 4
 3
 3
 4
 4
 4
 3
 1
 3
 3
 3
 4
 3
 3
 3
 4
 4
 3
 4
 1
 4
 3
 1
 4
 1
 4
 1
 3
 3
 4
 4
 3
 1
 4
 3
 3
 1
 1
 3
 1
 3
 4
 4
 4
 4
 3
 3
 3
 4
 3
 4
 3
 4
 4
 4
 3
 4
 3
 3
 3
 3
 1
 4
 3
 3
 1
 4
 3
 4
 3
 3
 1
 1
 3
 1
 4
 3
 1
 4
 4
 3
 3
 3
 1
 4
 3
 3
 3
 1
 4
 1
 3
 1
 1
 1
 4
 1
 3
 4
 4
 3
 4
 1
 4
 4
 1
 3
 4
 3
 3
 1
 3
 4
 3
 1
 4
 4
 3
 3
 3
 4
 4
 3
 1
 1
 3
 1
 4
 3
 3
 3
 4
 3
 1
 3
 3
 3
 3
 1
 1
 3
 1
 4
 4
 1
 3
 1
 3
 1
 1
 1
 1
 4
 4
 1
 3
 1
 1
 3
 4
 3
 1
 1
 3
 4
 4
 4
 1
 3
 1
 4
 1
 3
 3
 3
 1
 4
 3
 1
 4
 1
 4
 3
 3
 1
 3
 4
 3
 3
 4
 1
 1
 3
 3
 1
 3
 3
 3
 1
 3
 3
 3
 1
 4
 4
 3
 1
 4
 3
 4
 4
 3
 3
 4
 1
 4
 1
 3
 3
 4
 3
 3
 1
 4
 4
 1
 4
 4
 3
 1
 1
 1
 1
 4
 4
