# Created by Octave 4.0.0, Tue Oct 06 11:09:26 2015 India Standard Time <unknown@KINvarma>
# name: Theta1
# type: matrix
# rows: 68
# columns: 28
 0.02002227779119498 0.1919470484508149 0.1624997674068779 -0.07224469582323383 -0.09472203660088924 0.0002691000347902692 -0.003742451881049633 -0.008741294878847413 0.05298639308383806 -0.08767798922254534 -0.00538434085205756 -0.005018817597544514 0.1027899145518667 0.05013938849839309 -0.01394545361612027 0.1238712437656716 -0.008564755167844364 0.09436570223650971 -0.03948189798162576 0.05918336060501137 -0.00757019742298853 -0.05900961960523038 0.02081343823146881 -0.04424895008480169 0.08458252606514308 -0.02058921989320703 0.1053979305963867 -0.06115729984912215
 -0.02078722120466455 -0.06334086665289694 -0.05616802928738496 -0.0164052484054795 -0.100676268889343 0.01747327621497952 -0.1006305003522157 -0.04916390257043467 -0.03403404037896043 -0.003561254678648776 -0.0006747762786480389 -0.0844004557968565 0.01820715376707862 0.04671557178188861 0.05303449689052826 0.08458692429932456 0.06188449235305691 0.1045845499157912 0.1012694406551073 -0.02424071143134314 -0.002926103415720499 0.09209350960139027 -0.09736479191904207 -0.02260412585766252 -0.08058705547554473 -0.07174303785272729 0.08978432054865634 0.05556805592656272
 -0.04051007880915374 -0.03692630215107724 0.2880352962513364 0.00583193583723643 0.02408994608962255 0.04070723998483583 -0.09728422997287034 -0.05508953321676832 -0.01091560036422776 -0.001941200442338506 0.004510405381694289 -0.04600720377397634 0.0392085673679851 -0.02605695608625962 0.03961741723099672 0.004944214863190232 0.0214611058835989 -0.088643003595164 0.0824231153752457 -0.005736174065381898 0.08232917559107827 -0.09600211693623593 0.05620303281667319 0.05794050782447601 0.07940138461110866 0.01639521247015183 -0.05454385558607909 -0.07745296725487011
 0.1447293417329344 -1.205836946422136 1.034450632158298e-005 -0.0001939738518744619 3.164459355908115e-005 -9.110603854496447e-005 -2.485552802305748e-005 -0.002299397512040235 8.924638359790648e-005 0.003104207993699205 -0.000108876789785946 0.002533031520783235 -0.01043635833639082 0.0005005009122048874 0.1344029556311577 0.07772220917109864 -0.0005428443369259513 -0.04732980810775989 0.1117254639004142 0.00391547361089412 0.09091128186844395 0.1309919142359016 0.1135564556142866 -0.01156903365956011 0.07932856402243843 0.1806963420056029 -0.06294914173669085 0.04476501128088155
 -0.1059994791238585 0.03462973820236535 -0.07398980799142614 -0.002731183218260153 -0.1096184499677292 0.1229332851721391 -0.1240341528809376 -0.1186917540220148 0.0742073430262277 -0.0793376363861291 0.06444048211866318 0.01288652713033459 -0.03339765219719393 -0.04612120723545407 0.007745382793378208 -0.06202754946469476 -0.007084065113715702 -0.001141431846310521 -0.1041270478518964 -0.03955040426608439 0.0870216723806285 0.03477420984254808 0.02203235128079116 0.04528859361522328 0.02912487875931172 -0.07376497671331389 -0.06828452925916791 0.05992761965512916
 0.04023041891668604 -0.03959321733471474 0.0417431585705022 -0.01762139686067779 0.1081377009557177 0.0719311921132899 0.04787263873684117 0.1010923112492696 0.1055804323839807 0.1035736590125486 0.1039310015880283 0.05856348927760573 0.09033506405972339 0.0319343007649683 -0.02371696042071564 0.1129414687567972 0.07303056987878481 -0.008018239963130461 0.0655788386485042 0.1041978659422819 0.08206623158255272 0.06208618507191917 -0.005565217744627188 -0.03762048481502316 0.01662869230271418 0.1126940933688683 -0.08178965661836807 -0.007200585664605753
 -0.06556115402850754 0.216228759065072 0.007935419669428177 0.03477535226849018 -0.1584093014483888 0.03594520078589671 0.01247968404372172 0.03650789974917645 0.07490616874987199 -0.02514171767721278 -0.02418765431307692 0.03590052999759462 0.0559652749525931 0.0478631238147629 0.1093432982330661 -0.03114936650622055 0.08570689896811702 0.02374268558734055 0.1059618816278843 0.04343890430352622 0.08304995566466439 -0.08448159071710047 -0.0345415611448766 -0.002589573892327463 -0.05708452274078242 0.08703737092303855 0.07112130049501748 -0.1896479586534135
 0.04300877346026693 0.07429586950565799 -0.08606466651966611 -0.06644501105418887 -0.02049221713066117 -0.09655668709011764 0.1338630424572946 0.0628662530281917 -0.09007755967165249 0.0359369846364566 0.03238105134282676 0.06003168893749879 0.05494388617427524 0.01336305894441296 0.07554143362400963 -0.06057021734902952 -0.1006762389670162 -0.05804744740368904 0.07824559163778472 0.1374482768973092 -0.09175562598115754 -0.02764377043622017 0.04076432153961913 -0.06569488702681348 -0.02875392682724024 -0.07743712739578688 0.06836806086285468 -0.1032081855189989
 -0.006344695844817766 0.2843640194462621 0.2293641702636534 -0.04476529053175112 0.06257723369310995 -0.1284356410689293 0.000951095648054389 0.03468981577234783 0.02092591771213955 0.07381265221211696 -0.002557090410596738 0.07084106511910981 0.05867634628462191 0.0161331115940335 0.08522299448630156 -0.06995174565223869 0.0860856206541476 -0.01996346665932927 -0.04171647013655495 0.0264284763542653 -0.05717403025083666 0.06588553681906685 0.09212781229261879 -0.006976095985861236 0.002740631207789389 -0.09035613921352613 0.05645466038606255 0.02444672293193374
 -0.116852164970017 -0.05287655464214786 0.000672603726451445 0.0009764128576741976 0.01089030987732915 -0.01157258496383384 -0.002552666541037229 0.08622394092453992 -0.04555815412388056 0.05158962174303718 0.06705301688963795 -0.01675965105629394 -0.1075263676211484 -0.006988276232045433 0.05801712676344203 0.0430262690964591 -0.05811925416953465 -0.04823243244223356 -0.08178932185911024 -0.1042007104881257 -0.06381485378630448 -0.002854893338080412 -0.002128089216005756 0.05332070083049503 -0.0198779267172337 0.09763165652132322 0.06661845017427828 0.09198534605046878
 -0.1179336497027381 -0.02916993409492163 0.03197947480482818 0.03804932622945674 0.0009947674901218543 -0.01087290576429463 0.08927205974482696 -0.03044494681463096 -0.09428351038912121 0.04805059831348065 0.101299811500556 0.0640742816172218 -0.06541991451772534 0.07275394637315598 -0.03111015280373908 -0.04613539485136162 -0.06156591414022406 0.1077712101031871 -0.05976391426789009 -0.0283186222414317 0.1035609376945461 -0.03396486863812426 0.01198378049870207 -0.06439901958262914 0.0156361733738893 0.09305651668071474 0.1119471448467266 -0.07427223566119245
 0.1102795754409757 0.08304974285996353 -0.05796048086756346 0.08433519789933419 0.09653101784372792 0.02519117019728177 0.1244999109256887 -0.03758326091518313 -0.04554159617777951 0.03015483423731754 0.006608798660010943 -0.01483515095393744 0.09485258347748725 0.101786839808794 -0.0874722778577887 -0.08170603945219447 0.1071187029038146 0.08182449713932356 -0.04017579349414722 0.12003468342457 0.02104457051319081 0.03846374148855437 -0.1064586051921481 -0.05103126059710966 -0.05505949396620816 0.04373203215763947 -0.04212735466810012 -0.07502409678544208
 -0.06671421148210256 0.1280044003190773 0.0008267700398140876 0.1099323491536384 -0.02547044055791746 -0.1234542645490316 -0.1192202939437795 0.02417983986487087 -0.05057811280979464 -0.07203728359423105 0.07156714110963147 0.06697718169216925 -0.07986891716297015 -0.0345602428428519 -0.111998892683442 -0.02716400259809101 0.01879534521736731 -0.04432606681900136 0.00460313018429167 -0.03022781934457484 0.03921932985532081 -0.08467744272704368 -0.06596375483676897 0.04861124259903055 0.09893186916868504 -0.04492753312170369 -0.1341164033180465 -0.04320834961210412
