# Created by Octave 4.0.0, Mon Oct 05 22:47:15 2015 India Standard Time <unknown@Manikanta>
# name: X_17
# type: matrix
# rows: 14273
# columns: 1
 0
 0
 0
 1
 0
 1
 1
 0
 0
 0
 1
 1
 0
 1
 0
 1
 0
 0
 1
 1
 1
 0
 1
 0
 0
 0
 1
 0
 0
 0
 1
 0
 1
 1
 0
 1
 1
 0
 0
 0
 1
 1
 1
 0
 1
 1
 1
 1
 1
 1
 1
 1
 1
 1
 1
 0
 0
 1
 0
 0
 1
 1
 1
 0
 1
 1
 0
 0
 1
 0
 1
 0
 0
 0
 1
 0
 0
 1
 1
 1
 0
 0
 1
 1
 0
 1
 1
 1
 0
 0
 0
 1
 1
 0
 1
 0
 0
 1
 1
 1
 1
 0
 0
 0
 1
 0
 0
 1
 0
 0
 1
 0
 1
 0
 1
 0
 1
 1
 1
 1
 0
 0
 1
 0
 1
 1
 0
 0
 0
 1
 1
 1
 1
 1
 0
 0
 0
 1
 0
 0
 0
 1
 0
 0
 0
 1
 0
 1
 0
 1
 0
 0
 0
 0
 1
 1
 0
 0
 1
 1
 0
 0
 1
 1
 0
 1
 1
 1
 0
 1
 0
 1
 0
 0
 1
 1
 0
 1
 0
 1
 1
 0
 0
 0
 0
 1
 1
 0
 1
 0
 1
 1
 0
 0
 1
 0
 1
 0
 1
 1
 1
 1
 0
 1
 1
 0
 1
 0
 0
 0
 1
 1
 1
 1
 0
 0
 1
 1
 0
 1
 1
 1
 1
 0
 0
 1
 1
 0
 0
 1
 0
 1
 0
 1
 0
 0
 0
 1
 0
 0
 0
 0
 0
 0
 1
 1
 1
 1
 1
 1
 1
 1
 0
 0
 0
 1
 0
 1
 0
 1
 0
 1
 1
 0
 0
 1
 1
 1
 0
 1
 0
 1
 1
 1
 1
 1
 1
 1
 1
 1
 0
 1
 1
 0
 1
 1
 0
 0
 1
 1
 0
 0
 0
 0
 0
 1
 0
 0
 1
 0
 1
 0
 0
 1
 0
 0
 0
 0
 1
 0
 1
 1
 0
 1
 1
 1
 0
 1
 0
 0
 1
 1
 1
 0
 0
 0
 1
 0
 0
 1
 1
 1
 1
 1
 1
 1
 1
 0
 1
 0
 1
 1
 1
 0
 0
 1
 1
 0
 0
 1
 1
 1
 0
 0
 1
 1
 0
 1
 0
 1
 0
 0
 0
 1
 0
 0
 0
 0
 1
 1
 1
 0
 0
 0
 1
 1
 1
 0
 1
 1
 0
 0
 1
 1
 1
 1
 1
 1
 0
 0
 0
 0
 0
 1
 0
 1
 0
 0
 1
 0
 0
 0
 0
 0
 1
 1
 1
 1
 0
 1
 1
 0
 1
 1
 0
 0
 0
 0
 0
 1
 1
 1
 1
 0
 0
 1
 1
 1
 0
 0
 1
 0
 1
 1
 0
 0
 1
 0
 0
 1
 0
 0
 1
 0
 1
 0
 1
 0
 1
 1
 0
 1
 1
 1
 0
 1
 0
 0
 1
 0
 0
 1
 0
 0
 1
 1
 0
 0
 0
 0
 1
 1
 1
 0
 1
 0
 1
 0
 1
 0
 0
 0
 0
 1
 0
 0
 1
 0
 0
 1
 1
 1
 1
 1
 1
 1
 1
 0
 0
 0
 1
 0
 1
 0
 0
 0
 1
 0
 0
 0
 1
 1
 1
 0
 1
 1
 1
 0
 1
 1
 0
 0
 1
 0
 0
 1
 0
 1
 0
 1
 1
 0
 1
 1
 1
 1
 0
 1
 0
 1
 1
 1
 1
 0
 1
 1
 1
 1
 1
 0
 1
 0
 0
 0
 0
 1
 0
 0
 1
 1
 1
 1
 1
 1
 1
 0
 1
 0
 0
 1
 1
 1
 1
 1
 1
 0
 0
 1
 1
 0
 1
 1
 1
 0
 0
 0
 0
 0
 1
 1
 0
 1
 1
 0
 0
 1
 1
 0
 1
 1
 1
 0
 1
 0
 1
 0
 1
 1
 1
 1
 0
 0
 1
 1
 1
 0
 0
 0
 0
 0
 0
 0
 0
 1
 0
 0
 0
 1
 1
 1
 1
 1
 0
 1
 1
 1
 0
 1
 0
 0
 1
 0
 1
 1
 1
 0
 0
 1
 1
 0
 1
 1
 1
 0
 1
 0
 1
 0
 0
 0
 0
 1
 1
 1
 0
 0
 1
 1
 1
 0
 1
 1
 1
 0
 1
 1
 1
 0
 0
 1
 0
 1
 1
 0
 1
 1
 0
 0
 1
 1
 0
 0
 1
 0
 0
 1
 0
 0
 0
 0
 0
 0
 0
 0
 0
 1
 0
 0
 0
 1
 0
 1
 0
 0
 1
 0
 0
 0
 1
 0
 0
 1
 0
 1
 1
 0
 0
 1
 1
 0
 1
 0
 0
 0
 1
 0
 1
 1
 0
 0
 1
 1
 1
 0
 0
 0
 1
 1
 1
 0
 1
 0
 1
 1
 0
 1
 0
 1
 1
 1
 1
 1
 0
 0
 1
 0
 0
 1
 1
 1
 0
 1
 0
 1
 1
 0
 0
 0
 1
 0
 1
 0
 0
 0
 1
 0
 1
 0
 0
 0
 0
 0
 0
 1
 1
 0
 0
 0
 1
 1
 1
 0
 1
 1
 0
 0
 0
 0
 1
 0
 1
 0
 1
 0
 0
 1
 0
 1
 0
 1
 0
 1
 0
 0
 1
 0
 0
 1
 1
 0
 0
 0
 1
 0
 0
 1
 1
 1
 1
 0
 0
 0
 0
 1
 1
 0
 0
 0
 0
 1
 0
 0
 1
 0
 0
 0
 1
 1
 1
 1
 0
 0
 0
 0
 0
 1
 1
 1
 0
 1
 0
 1
 0
 1
 0
 1
 0
 1
 0
 0
 0
 1
 1
 0
 1
 0
 0
 1
 0
 1
 1
 0
 0
 0
 1
 1
 1
 0
 0
 1
 1
 1
 1
 0
 0
 0
 0
 0
 0
 1
 0
 0
 0
 0
 1
 0
 0
 1
 0
 0
 0
 1
 0
 0
 0
 1
 0
 1
 1
 1
 1
 1
 0
 0
 0
 1
 0
 0
 0
 0
 1
 0
 1
 0
 1
 0
 0
 1
 0
 0
 0
 1
 1
 0
 1
 0
 1
 1
 1
 1
 0
 0
 1
 1
 1
 0
 1
 0
 0
 0
 0
 1
 1
 1
 0
 1
 1
 0
 1
 1
 0
 0
 0
 0
 0
 1
 0
 1
 0
 0
 0
 0
 1
 1
 1
 0
 1
 1
 0
 0
 0
 0
 1
 0
 1
 0
 1
 0
 1
 1
 1
 1
 1
 1
 1
 0
 0
 1
 1
 1
 0
 0
 0
 0
 1
 0
 0
 0
 1
 0
 0
 1
 0
 0
 0
 1
 1
 0
 0
 1
 0
 1
 1
 0
 0
 0
 1
 1
 1
 1
 1
 1
 0
 1
 0
 1
 0
 1
 1
 1
 0
 0
 1
 1
 1
 0
 0
 0
 1
 1
 1
 0
 0
 1
 1
 0
 0
 0
 1
 1
 1
 1
 1
 0
 1
 0
 1
 1
 0
 1
 1
 0
 1
 1
 1
 1
 1
 1
 0
 0
 1
 0
 1
 1
 0
 0
 0
 1
 0
 0
 1
 1
 1
 1
 1
 0
 1
 1
 1
 0
 0
 0
 1
 0
 0
 0
 0
 1
 1
 1
 0
 1
 1
 0
 0
 1
 0
 0
 1
 1
 0
 1
 1
 1
 0
 1
 0
 1
 1
 0
 1
 1
 1
 0
 0
 1
 1
 1
 0
 1
 1
 0
 0
 0
 0
 0
 0
 0
 0
 1
 0
 1
 1
 0
 0
 0
 1
 1
 0
 0
 0
 1
 0
 0
 0
 1
 1
 1
 1
 0
 1
 0
 0
 0
 0
 1
 1
 0
 0
 0
 0
 1
 1
 1
 1
 1
 1
 1
 1
 0
 0
 1
 1
 0
 1
 1
 1
 0
 0
 1
 0
 1
 1
 1
 0
 1
 0
 1
 1
 0
 0
 1
 0
 1
 1
 1
 1
 1
 1
 0
 0
 0
 1
 1
 0
 1
 0
 1
 0
 1
 0
 1
 0
 0
 1
 1
 0
 0
 1
 0
 0
 0
 0
 1
 0
 0
 1
 0
 1
 1
 1
 0
 1
 0
 0
 0
 0
 1
 1
 1
 0
 1
 1
 0
 0
 1
 1
 1
 0
 1
 0
 0
 1
 0
 1
 1
 0
 1
 1
 1
 1
 0
 0
 0
 1
 0
 0
 1
 1
 1
 1
 1
 0
 1
 0
 1
 0
 1
 0
 1
 0
 0
 1
 0
 1
 1
 0
 1
 0
 1
 0
 0
 1
 1
 1
 1
 0
 1
 1
 0
 1
 0
 0
 0
 1
 1
 0
 0
 1
 0
 0
 0
 0
 0
 0
 1
 1
 0
 1
 0
 1
 0
 0
 0
 1
 1
 1
 1
 0
 1
 0
 1
 1
 0
 1
 0
 0
 0
 0
 0
 1
 1
 0
 0
 0
 0
 0
 1
 1
 1
 1
 1
 0
 0
 0
 0
 1
 0
 0
 1
 0
 1
 1
 0
 0
 1
 1
 1
 0
 0
 0
 1
 1
 0
 1
 1
 1
 0
 1
 1
 1
 0
 0
 1
 0
 1
 0
 1
 1
 1
 1
 0
 0
 1
 1
 1
 1
 1
 0
 1
 0
 1
 1
 1
 0
 1
 0
 1
 1
 0
 1
 0
 0
 1
 1
 1
 0
 0
 1
 1
 0
 0
 1
 1
 0
 0
 0
 0
 1
 0
 0
 1
 1
 0
 0
 1
 0
 0
 1
 0
 1
 1
 0
 1
 1
 1
 1
 1
 1
 1
 0
 1
 0
 0
 1
 1
 0
 1
 1
 1
 1
 1
 0
 1
 1
 0
 1
 1
 0
 1
 0
 1
 1
 0
 0
 1
 1
 0
 0
 0
 1
 1
 0
 0
 1
 1
 1
 0
 1
 0
 0
 1
 0
 0
 0
 1
 1
 0
 1
 0
 0
 1
 0
 0
 0
 1
 1
 1
 1
 1
 1
 1
 0
 0
 0
 1
 1
 1
 0
 0
 0
 0
 1
 1
 1
 1
 0
 0
 0
 1
 1
 0
 1
 0
 0
 1
 1
 0
 1
 0
 1
 1
 0
 1
 1
 0
 1
 0
 0
 1
 0
 1
 0
 0
 1
 1
 1
 1
 0
 1
 0
 1
 0
 0
 1
 1
 1
 1
 1
 0
 0
 1
 0
 0
 1
 0
 1
 0
 0
 0
 0
 1
 1
 1
 1
 0
 1
 1
 1
 0
 0
 1
 1
 1
 0
 1
 1
 0
 1
 1
 1
 0
 0
 0
 0
 1
 0
 1
 1
 0
 1
 0
 0
 1
 1
 1
 0
 0
 0
 0
 1
 1
 0
 1
 1
 0
 1
 0
 0
 0
 1
 0
 1
 0
 0
 0
 0
 0
 1
 1
 0
 0
 0
 0
 1
 1
 0
 1
 1
 1
 1
 0
 1
 1
 0
 1
 0
 1
 0
 0
 1
 1
 0
 0
 0
 1
 1
 0
 0
 1
 1
 1
 0
 0
 0
 1
 1
 0
 0
 1
 0
 0
 1
 1
 0
 1
 1
 1
 1
 1
 0
 0
 1
 1
 1
 0
 0
 1
 0
 1
 1
 0
 1
 1
 0
 0
 1
 1
 1
 0
 1
 0
 0
 0
 0
 0
 1
 1
 0
 0
 0
 1
 1
 0
 1
 1
 1
 0
 0
 1
 0
 1
 1
 0
 0
 1
 1
 0
 0
 1
 1
 0
 0
 1
 1
 0
 0
 1
 1
 1
 0
 0
 0
 1
 1
 1
 1
 1
 1
 0
 1
 0
 1
 0
 1
 1
 1
 1
 0
 1
 0
 0
 0
 1
 1
 1
 0
 0
 1
 1
 0
 0
 1
 0
 1
 0
 1
 0
 1
 1
 1
 1
 0
 1
 0
 0
 1
 0
 0
 0
 0
 0
 0
 1
 0
 0
 0
 1
 1
 1
 0
 0
 0
 0
 0
 0
 0
 0
 0
 0
 0
 1
 0
 0
 0
 1
 1
 1
 1
 0
 0
 0
 0
 1
 0
 1
 0
 1
 0
 1
 1
 0
 0
 1
 0
 1
 0
 0
 1
 0
 0
 0
 1
 1
 1
 1
 1
 1
 0
 0
 0
 0
 0
 0
 0
 1
 1
 0
 0
 1
 1
 1
 1
 0
 1
 1
 1
 0
 0
 1
 0
 1
 1
 1
 1
 0
 1
 1
 0
 0
 1
 0
 0
 1
 0
 0
 1
 1
 0
 1
 0
 0
 1
 0
 0
 0
 1
 1
 1
 0
 0
 1
 1
 1
 0
 1
 1
 0
 0
 0
 0
 0
 0
 0
 1
 0
 0
 1
 1
 0
 1
 0
 1
 1
 1
 0
 0
 1
 1
 1
 1
 1
 0
 1
 0
 1
 1
 1
 1
 0
 0
 0
 0
 1
 0
 1
 1
 1
 0
 1
 0
 0
 0
 0
 1
 0
 0
 1
 1
 0
 1
 0
 1
 0
 0
 1
 1
 1
 0
 0
 0
 0
 1
 0
 0
 1
 0
 0
 1
 0
 0
 0
 1
 1
 0
 0
 0
 1
 0
 1
 1
 1
 1
 1
 1
 1
 0
 0
 0
 1
 0
 0
 1
 0
 0
 0
 0
 1
 0
 1
 1
 1
 0
 1
 0
 0
 0
 0
 1
 0
 0
 0
 0
 1
 1
 0
 0
 1
 0
 0
 1
 1
 0
 1
 1
 1
 1
 1
 1
 1
 1
 0
 1
 1
 1
 1
 1
 0
 1
 1
 0
 1
 0
 0
 0
 0
 1
 1
 0
 1
 0
 1
 1
 0
 0
 0
 1
 0
 1
 0
 0
 0
 1
 0
 1
 1
 1
 1
 0
 1
 1
 1
 1
 1
 1
 1
 0
 0
 1
 0
 0
 1
 0
 1
 1
 1
 1
 1
 0
 0
 1
 1
 1
 1
 1
 1
 1
 1
 1
 0
 1
 0
 0
 1
 0
 0
 0
 0
 0
 0
 0
 1
 1
 0
 1
 0
 0
 1
 1
 0
 1
 1
 0
 1
 1
 1
 0
 0
 0
 0
 0
 1
 1
 1
 0
 1
 1
 1
 1
 1
 0
 1
 0
 1
 1
 0
 0
 1
 1
 1
 1
 0
 1
 0
 1
 0
 1
 0
 0
 1
 0
 0
 0
 0
 0
 0
 0
 0
 0
 1
 0
 0
 1
 1
 1
 0
 1
 0
 1
 0
 0
 0
 1
 0
 1
 1
 0
 1
 1
 1
 0
 0
 1
 1
 1
 0
 0
 1
 1
 0
 0
 1
 0
 0
 1
 1
 0
 0
 0
 0
 1
 1
 0
 1
 1
 0
 1
 1
 0
 1
 1
 1
 1
 1
 1
 0
 1
 1
 1
 0
 1
 1
 0
 1
 1
 0
 1
 0
 1
 1
 1
 0
 0
 1
 1
 0
 0
 1
 1
 1
 1
 0
 1
 0
 1
 0
 1
 0
 1
 1
 1
 0
 1
 0
 0
 0
 0
 0
 1
 0
 1
 1
 1
 0
 1
 0
 0
 0
 0
 0
 1
 0
 1
 0
 0
 1
 0
 0
 0
 0
 0
 1
 1
 1
 1
 0
 0
 0
 1
 1
 0
 1
 0
 0
 1
 1
 0
 0
 1
 1
 0
 1
 0
 0
 0
 0
 0
 0
 0
 1
 0
 1
 0
 1
 0
 0
 0
 0
 0
 1
 1
 0
 1
 1
 1
 0
 1
 1
 1
 0
 1
 1
 1
 0
 1
 0
 1
 1
 0
 0
 1
 1
 0
 1
 0
 0
 1
 1
 0
 1
 1
 0
 0
 1
 0
 1
 1
 0
 0
 0
 0
 0
 0
 1
 0
 1
 0
 1
 0
 0
 0
 0
 1
 0
 0
 1
 0
 0
 0
 0
 0
 0
 1
 1
 1
 1
 0
 1
 0
 1
 1
 0
 1
 1
 1
 1
 1
 1
 0
 0
 0
 1
 0
 1
 0
 0
 0
 0
 1
 0
 1
 1
 0
 1
 0
 0
 1
 1
 1
 1
 1
 0
 1
 1
 0
 1
 0
 1
 0
 0
 0
 0
 0
 1
 1
 1
 0
 0
 1
 0
 0
 1
 1
 0
 1
 1
 1
 0
 1
 1
 0
 1
 1
 1
 1
 1
 0
 0
 0
 0
 0
 0
 1
 1
 1
 0
 1
 1
 0
 1
 1
 1
 1
 1
 0
 0
 0
 0
 0
 1
 0
 0
 1
 0
 1
 0
 1
 0
 1
 1
 0
 0
 0
 1
 1
 0
 1
 0
 0
 1
 1
 1
 1
 1
 0
 1
 1
 1
 0
 0
 0
 0
 1
 1
 1
 1
 1
 1
 0
 0
 0
 0
 0
 1
 1
 0
 0
 0
 1
 0
 1
 1
 0
 0
 1
 0
 1
 0
 1
 1
 1
 0
 1
 0
 1
 1
 1
