# Created by Octave 4.0.0, Mon Oct 05 21:07:56 2015 India Standard Time <unknown@KINvarma>
# name: X_2
# type: matrix
# rows: 14273
# columns: 1
 272
 18
 63
 305
 10
 383
 1086
 430
 59
 10
 10
 2034
 10
 10
 129
 596
 29
 268
 50
 14
 10
 683
 10
 657
 10
 10
 77
 12
 1481
 66
 120
 7049
 319
 10
 10
 806
 123
 10
 620
 121
 104
 305
 10
 54
 217
 10
 139
 10
 96
 10
 10
 11
 718
 10
 56
 1067
 83
 132
 265
 10
 10
 10
 11
 255
 10
 10
 10
 3109
 107
 273
 10
 134
 315
 10
 10
 63
 10
 10
 78
 10
 156
 526
 1189
 10
 470
 10
 10
 10
 10
 10
 247
 1284
 11
 203
 489
 204
 1308
 10
 880
 10
 2019
 10
 41
 10
 938
 69
 12
 330
 138
 10
 10
 139
 10
 10
 1451
 6542
 604
 395
 693
 176
 10
 11
 92
 10
 94
 10
 10
 54
 174
 1286
 423
 106
 179
 10
 154
 3585
 10
 10
 416
 254
 3129
 10
 10
 10
 10
 10
 77
 10
 10
 96
 207
 10
 10
 483
 10
 12
 200
 36
 10
 430
 1974
 10
 204
 10
 1775
 10
 10
 157
 10
 837
 120
 10
 10
 67
 10
 153
 319
 365
 298
 10
 10
 1840
 10
 299
 10
 81
 10
 10
 10
 17
 96
 244
 74
 38
 77
 17
 10
 13
 825
 297
 10
 10
 10
 921
 195
 10
 10
 398
 10
 1449
 10
 10
 202
 10
 171
 3647
 10
 1960
 10
 619
 58
 856
 117
 10
 626
 70
 274
 10
 1429
 189
 789
 302
 374
 10
 1078
 1613
 10
 10
 1201
 10
 10
 516
 10
 10
 59
 276
 1370
 10
 22
 97
 10
 10
 308
 10
 945
 244
 62
 10
 10
 10
 465
 210
 1103
 1763
 157
 889
 10
 107
 90
 407
 164
 107
 164
 473
 243
 13
 337
 14
 113
 10
 515
 17
 906
 333
 10
 10
 189
 10
 10
 138
 21
 257
 10
 96
 1400
 350
 10
 158
 88
 10
 184
 10
 986
 10
 408
 10
 10
 499
 10
 694
 194
 93
 2765
 10
 10
 11
 924
 123
 10
 711
 10
 302
 426
 125
 65
 10
 10
 10
 147
 73
 105
 32
 54
 137
 10
 17
 10
 309
 62
 5372
 10
 10
 113
 10
 10
 58
 10
 154
 406
 191
 153
 141
 120
 583
 2154
 10
 68
 10
 1335
 10
 202
 10
 153
 10
 10
 10
 240
 72
 354
 10
 285
 10
 10
 10
 11
 10
 10
 10
 54
 10
 469
 92
 592
 10
 84
 597
 60
 56
 10
 536
 10
 88
 10
 10
 10
 10
 2916
 10
 107
 10
 26
 47
 10
 615
 206
 892
 10
 94
 10
 315
 16
 10
 56
 11
 458
 268
 78
 233
 617
 228
 10
 169
 67
 10
 337
 10
 10
 55
 10
 418
 10
 143
 10
 10
 593
 781
 183
 1026
 63
 68
 37
 359
 10
 10
 386
 10
 82
 10
 14
 1063
 10
 10
 10
 10
 10
 110
 115
 73
 10
 31
 93
 10
 423
 10
 10
 10
 143
 10
 16
 138
 28
 10
 247
 168
 10
 12
 235
 339
 10
 487
 10
 212
 1127
 293
 10
 52
 560
 10
 10
 1257
 10
 10
 1888
 10
 3879
 21
 10
 10
 1589
 10
 244
 1159
 142
 532
 14
 46
 10
 445
 10
 55
 10
 245
 10
 10
 611
 47
 177
 10
 879
 10
 52
 29
 10
 55
 552
 219
 646
 10
 451
 107
 255
 10
 211
 121
 500
 143
 10
 548
 10
 46
 338
 10
 62
 10
 10
 847
 421
 2606
 1417
 10
 10
 415
 10
 10
 918
 27
 483
 180
 77
 122
 355
 12
 10
 10
 100
 1749
 566
 190
 118
 693
 156
 26
 40
 10
 27
 339
 113
 10
 169
 15
 10
 648
 507
 10
 293
 2603
 333
 10
 331
 253
 10
 10
 862
 574
 2872
 81
 10
 298
 10
 378
 596
 10
 62
 10
 490
 281
 10
 152
 302
 197
 243
 278
 10
 10
 344
 79
 989
 175
 10
 483
 24
 10
 10
 10
 354
 10
 10
 10
 48
 775
 10
 10
 161
 1576
 10
 10
 10
 434
 10
 103
 450
 226
 14
 10
 10
 10
 10
 17
 539
 10
 423
 1608
 10
 365
 346
 29
 167
 10
 10
 10
 10
 510
 1835
 1756
 10
 10
 80
 1611
 49
 10
 10
 64
 1621
 161
 10
 1555
 502
 10
 85
 62
 10
 59
 90
 56
 10
 184
 168
 10
 1120
 10
 10
 10
 116
 10
 1179
 10
 291
 269
 187
 137
 229
 10
 10
 797
 14
 129
 10
 1131
 10
 10
 10
 188
 10
 10
 148
 194
 617
 869
 10
 267
 29
 247
 25
 10
 10
 137
 28
 10
 10
 10
 10
 10
 142
 24
 122
 10
 10
 42
 10
 175
 145
 299
 65
 68
 10
 462
 10
 10
 12
 1497
 10
 10
 10
 231
 653
 10
 10
 10
 10
 10
 10
 11
 975
 882
 10
 161
 41
 1554
 10
 201
 10
 10
 10
 10
 10
 329
 10
 10
 67
 66
 10
 431
 10
 19
 10
 638
 383
 10
 10
 501
 10
 92
 350
 10
 735
 134
 10
 274
 255
 10
 1723
 35
 265
 1950
 170
 56
 10
 21
 17
 931
 92
 105
 10
 355
 10
 722
 233
 10
 10
 690
 302
 10
 10
 1099
 10
 10
 10
 10
 324
 10
 77
 817
 293
 10
 10
 5077
 10
 10
 10
 258
 10
 939
 63
 37
 744
 11
 343
 10
 74
 10
 10
 10
 337
 10
 10
 722
 10
 203
 272
 10
 940
 10
 152
 10
 10
 437
 669
 52
 14
 75
 10
 10
 439
 156
 10
 10
 10
 10
 10
 10
 59
 194
 10
 14
 331
 124
 853
 10
 89
 10
 878
 60
 265
 286
 156
 10
 99
 86
 223
 110
 10
 10
 139
 83
 52
 998
 10
 10
 11
 233
 10
 27
 189
 2347
 103
 2379
 10
 294
 10
 68
 136
 10
 10
 575
 34
 197
 117
 10
 114
 41
 10
 191
 247
 980
 10
 304
 879
 10
 10
 381
 10
 10
 479
 10
 459
 10
 14
 150
 180
 718
 10
 62
 215
 10
 169
 46
 262
 10
 62
 10
 10
 438
 1259
 657
 10
 1094
 258
 10
 271
 14
 231
 727
 90
 44
 1033
 457
 10
 407
 20
 11
 10
 17
 290
 10
 954
 41
 403
 10
 80
 10
 267
 10
 10
 10
 10
 198
 1383
 2496
 10
 22
 10
 10
 17
 409
 176
 10
 10
 2277
 10
 10
 10
 136
 384
 1793
 10
 254
 10
 10
 10
 10
 184
 10
 577
 105
 10
 93
 456
 1139
 74
 199
 2124
 10
 10
 188
 1544
 105
 10
 609
 378
 632
 10
 10
 340
 18
 475
 142
 10
 10
 81
 10
 46
 98
 311
 10
 1041
 10
 10
 10
 10
 10
 902
 33
 240
 10
 761
 10
 10
 107
 10
 74
 190
 1291
 63
 10
 164
 10
 10
 521
 10
 1253
 496
 10
 10
 16
 169
 302
 10
 116
 10
 10
 43
 123
 916
 748
 67
 10
 60
 56
 162
 927
 10
 1029
 10
 135
 62
 10
 10
 791
 816
 10
 10
 1359
 42
 10
 195
 10
 10
 22
 10
 36
 10
 266
 897
 10
 883
 10
 10
 10
 10
 14
 10
 10
 10
 178
 15
 513
 161
 10
 10
 10
 233
 10
 63
 362
 10
 550
 10
 130
 96
 591
 10
 111
 10
 10
 712
 28
 10
 1425
 10
 463
 10
 379
 288
 10
 1710
 10
 10
 10
 369
 102
 412
 10
 10
 10
 10
 20
 2962
 19
 10
 32
 206
 10
 1480
 157
 10
 77
 10
 10
 99
 3862
 13
 24
 146
 14
 10
 341
 572
 10
 95
 196
 345
 10
 2992
 10
 10
 964
 2310
 106
 42
 10
 10
 223
 658
 54
 10
 379
 132
 531
 328
 10
 129
 18
 10
 326
 1244
 10
 10
 50
 10
 662
 194
 826
 10
 326
 10
 10
 10
 10
 781
 10
 210
 4890
 10
 191
 10
 10
 10
 112
 1849
 277
 10
 339
 247
 1024
 10
 10
 10
 10
 10
 10
 70
 1013
 330
 105
 683
 10
 3168
 19
 712
 71
 10
 10
 97
 188
 10
 10
 54
 10
 10
 3293
 191
 73
 209
 27
 56
 14
 1729
 10
 748
 14
 13
 2153
 356
 279
 10
 10
 557
 10
 10
 156
 435
 10
 1601
 182
 297
 10
 10
 90
 179
 10
 39
 10
 177
 76
 197
 10
 10
 18
 103
 338
 10
 10
 10
 48
 136
 10
 35
 10
 10
 10
 25
 10
 71
 397
 111
 10
 435
 510
 20
 10
 10
 10
 37
 102
 10
 10
 178
 51
 10
 10
 10
 10
 10
 65
 10
 10
 288
 31
 10
 54
 10
 57
 10
 12
 10
 114
 259
 239
 77
 10
 1474
 10
 10
 10
 21
 10
 10
 10
 10
 10
 10
 168
 105
 10
 10
 22
 10
 10
 10
 80
 10
 858
 10
 10
 479
 380
 10
 22
 10
 437
 126
 248
 10
 2372
 10
 10
 10
 10
 109
 91
 123
 112
 10
 10
 10
 1713
 10
 10
 138
 333
 10
 259
 10
 10
 308
 10
 10
 59
 10
 259
 147
 10
 10
 10
 325
 10
 73
 1024
 786
 152
 10
 148
 477
 111
 88
 2050
 376
 10
 62
 753
 10
 12
 458
 10
 109
 605
 10
 10
 10
 546
 54
 385
 355
 57
 11
 179
 97
 10
 10
 146
 11
 10
 283
 84
 10
 10
 10
 10
 68
 10
 289
 210
 1450
 10
 47
 303
 10
 1162
 624
 1885
 10
 10
 2469
 319
 221
 136
 10
 73
 137
 367
 546
 10
 10
 10
 3014
 10
 52
 10
 10
 10
 10
 10
 10
 649
 58
 10
 10
 169
 10
 36
 531
 51
 3049
 10
 10
 10
 10
 451
 14
 10
 10
 10
 17
 9277
 167
 10
 10
 10
 399
 5503
 10
 10
 10
 145
 205
 45
 10
 10
 10
 10
 10
 108
 389
 10
 10
 485
 10
 109
 618
 152
 17
 10
 33
 10
 851
 161
 390
 133
 223
 1550
 166
 391
 10
 331
 789
 10
 384
 10
 10
 596
 10
 460
 10
 17
 10
 10
 10
 10
 137
 10
 10
 10
 10
 20
 228
 122
 71
 715
 10
 10
 10
 355
 10
 10
 10
 72
 10
 10
 43
 10
 10
 195
 39
 205
 10
 342
 10
 1537
 328
 94
 150
 10
 10
 359
 10
 10
 12
 10
 56
 255
 463
 35
 732
 14
 236
 66
 326
 350
 486
 1671
 10
 10
 10
 638
 615
 250
 31
 146
 10
 10
 10
 247
 1486
 10
 411
 10
 831
 212
 260
 742
 10
 4049
 10
 301
 713
 152
 1360
 77
 10
 10
 10
 10
 247
 10
 252
 10
 10
 10
 139
 151
 7784
 10
 10
 10
 17
 10
 3784
 577
 10
 484
 181
 174
 4339
 10
 100
 550
 17
 10
 17
 10
 10
 10
 12
 49
 10
 103
 256
 125
 106
 14
 10
 102
 10
 5307
 79
 10
 10
 750
 10
 10
 10
 10
 10
 1736
 1034
 13
 223
 92
 1304
 579
 644
 10
 112
 10
 1157
 10
 1782
 1660
 10
 10
 10
 97
 1452
 63
 10
 352
 261
 246
 10
 10
