# Created by Octave 4.0.0, Mon Oct 05 22:01:23 2015 India Standard Time <unknown@Manikanta>
# name: X_7
# type: matrix
# rows: 14273
# columns: 1
 4
 2
 1
 3
 8.32174163
 6
 18
 4
 3
 0
 0
 19
 0
 0
 11
 14
 3
 8
 2
 1
 0
 9
 0
 17
 8.32174163
 0
 7
 1
 33
 1
 7
 54
 5
 0
 0
 24
 5
 0
 17
 2
 4
 11
 0
 1
 4
 8.32174163
 4
 0
 3
 0
 0
 1
 35
 0
 2
 13
 23
 14
 1
 0
 0
 0
 1
 6
 0
 0
 0
 77
 3
 3
 0
 1
 10
 0
 0
 2
 0
 0
 1
 0
 8
 16
 19
 0
 5
 0
 0
 0
 0
 0
 6
 16
 1
 3
 17
 6
 2
 0
 20
 0
 11
 0
 1
 0
 18
 2
 2
 16
 2
 0
 0
 5
 0
 0
 10
 110
 6
 5
 7
 8
 1
 2
 1
 0
 3
 0
 0
 3
 17
 23
 15
 3
 1
 0
 6
 17
 0
 0
 6
 4
 22
 0
 0
 0
 0
 0
 2
 0
 0
 2
 5
 0
 0
 4
 0
 1
 5
 2
 0
 4
 38
 0
 2
 0
 6
 0
 0
 2
 0
 19
 9
 0
 0
 3
 0
 8
 3
 8
 1
 0
 0
 23
 0
 6
 0
 4
 0
 8.32174163
 0
 2
 1
 12
 3
 1
 1
 2
 0
 1
 15
 2
 8.32174163
 0
 0
 11
 11
 0
 0
 22
 0
 27
 0
 0
 8
 0
 2
 17
 0
 33
 0
 22
 1
 36
 1
 0
 15
 3
 12
 0
 18
 15
 20
 3
 7
 0
 29
 30
 0
 0
 29
 0
 0
 16
 0
 0
 2
 8
 24
 0
 3
 5
 0
 0
 14
 0
 32
 11
 1
 0
 0
 0
 2
 4
 18
 3
 2
 23
 0
 1
 1
 23
 2
 5
 1
 3
 9
 5
 17
 1
 4
 7
 7
 4
 4
 7
 0
 0
 6
 0
 0
 2
 3
 16
 0
 2
 14
 6
 0
 4
 1
 0
 2
 0
 24
 0
 2
 0
 0
 10
 0
 5
 7
 3
 36
 0
 0
 2
 12
 7
 0
 6
 0
 5
 20
 2
 1
 0
 0
 0
 2
 4
 3
 6
 9
 1
 0
 2
 0
 12
 1
 34
 0
 0
 1
 0
 0
 1
 8.32174163
 2
 6
 2
 5
 2
 2
 40
 52
 0
 4
 0
 23
 0
 3
 0
 2
 8.32174163
 0
 0
 6
 1
 17
 0
 12
 0
 0
 0
 1
 0
 0
 0
 3
 0
 10
 2
 9
 0
 8
 15
 3
 1
 0
 13
 0
 4
 0
 0
 0
 0
 46
 0
 1
 0
 4
 1
 8.32174163
 14
 2
 23
 0
 3
 0
 9
 2
 0
 1
 1
 5
 4
 2
 2
 18
 8
 1
 11
 1
 0
 4
 0
 0
 1
 0
 4
 0
 5
 0
 0
 5
 20
 9
 34
 4
 1
 1
 6
 0
 0
 7
 0
 2
 0
 1
 29
 0
 0
 0
 0
 0
 2
 2
 4
 0
 1
 2
 0
 2
 0
 0
 0
 7
 0
 3
 3
 10
 0
 6
 2
 0
 1
 2
 13
 0
 7
 0
 7
 17
 10
 0
 1
 11
 0
 0
 26
 0
 0
 22
 8.32174163
 34
 3
 0
 0
 27
 0
 8
 10
 4
 2
 1
 4
 0
 18
 0
 12
 0
 11
 0
 0
 18
 4
 7
 0
 10
 0
 2
 7
 0
 1
 23
 8
 4
 0
 21
 1
 4
 0
 9
 1
 9
 3
 0
 7
 1
 1
 8
 0
 3
 0
 0
 16
 5
 49
 15
 0
 0
 28
 0
 0
 17
 2
 14
 12
 14
 7
 6
 1
 0
 0
 3
 38
 7
 4
 2
 14
 3
 1
 1
 0
 4
 12
 10
 0
 2
 2
 0
 17
 11
 0
 6
 26
 4
 0
 7
 9
 0
 0
 22
 24
 42
 6
 0
 16
 0
 10
 5
 0
 2
 0
 6
 5
 0
 9
 5
 2
 5
 9
 0
 0
 9
 8
 29
 5
 0
 22
 1
 0
 0
 0
 5
 0
 0
 0
 1
 36
 0
 0
 3
 7
 0
 0
 0
 5
 0
 5
 7
 2
 1
 0
 0
 0
 0
 2
 9
 0
 2
 44
 0
 4
 2
 9
 12
 0
 0
 8.32174163
 0
 6
 48
 21
 0
 0
 2
 39
 8
 0
 0
 1
 26
 1
 0
 16
 27
 0
 4
 1
 0
 10
 2
 1
 0
 11
 1
 0
 14
 0
 0
 0
 2
 0
 19
 0
 4
 6
 3
 3
 2
 0
 0
 11
 1
 3
 0
 18
 0
 0
 0
 7
 0
 2
 2
 1
 11
 16
 0
 6
 1
 6
 4
 0
 0
 1
 2
 0
 0
 0
 0
 0
 4
 2
 7
 0
 0
 2
 0
 1
 4
 1
 1
 1
 0
 8
 0
 0
 1
 14
 0
 8.32174163
 0
 11
 4
 0
 0
 0
 0
 0
 0
 1
 21
 6
 0
 8
 9
 29
 0
 2
 0
 0
 0
 0
 0
 5
 0
 0
 1
 1
 8.32174163
 9
 0
 1
 0
 25
 2
 0
 0
 5
 0
 4
 13
 0
 33
 1
 0
 30
 9
 0
 15
 5
 5
 31
 4
 1
 0
 6
 2
 6
 1
 1
 0
 9
 0
 29
 8
 0
 0
 23
 9
 0
 0
 23
 0
 0
 0
 0
 2
 0
 3
 2
 3
 0
 8.32174163
 70
 1
 0
 0
 2
 0
 4
 1
 5
 4
 2
 10
 0
 3
 0
 0
 0
 2
 0
 0
 10
 0
 13
 14
 0
 13
 0
 2
 0
 0
 6
 23
 8
 1
 2
 0
 0
 2
 6
 0
 0
 0
 8.32174163
 0
 0
 2
 12
 0
 1
 3
 2
 7
 0
 1
 0
 22
 4
 8
 16
 9
 0
 5
 2
 7
 1
 0
 0
 6
 1
 1
 25
 0
 0
 1
 10
 0
 1
 7
 42
 2
 14
 0
 4
 0
 2
 1
 0
 0
 15
 8
 3
 3
 0
 4
 3
 0
 9
 7
 28
 0
 14
 9
 0
 0
 5
 0
 0
 11
 0
 23
 0
 1
 4
 3
 17
 0
 1
 10
 0
 4
 1
 11
 0
 3
 0
 0
 6
 33
 19
 0
 4
 11
 0
 6
 1
 4
 9
 2
 2
 23
 6
 0
 11
 2
 1
 0
 2
 7
 0
 20
 3
 8
 0
 5
 0
 18
 0
 0
 0
 0
 5
 13
 28
 0
 2
 0
 0
 3
 8
 4
 0
 0
 47
 0
 0
 1
 7
 9
 72
 0
 4
 0
 0
 0
 0
 6
 0
 5
 2
 0
 1
 30
 39
 3
 6
 4
 0
 0
 8
 28
 1
 0
 10
 3
 5
 0
 8.32174163
 3
 1
 10
 8
 2
 0
 2
 0
 1
 2
 9
 0
 34
 0
 0
 0
 0
 0
 28
 2
 12
 0
 14
 0
 0
 2
 0
 4
 3
 17
 1
 0
 7
 0
 0
 3
 0
 30
 10
 0
 0
 2
 8
 13
 0
 1
 0
 0
 2
 2
 64
 4
 2
 0
 1
 5
 2
 12
 0
 11
 0
 2
 1
 0
 0
 14
 18
 8.32174163
 8.32174163
 55
 1
 0
 3
 0
 0
 2
 0
 9
 0
 6
 24
 0
 10
 0
 8.32174163
 0
 0
 2
 0
 0
 0
 4
 2
 8
 5
 0
 8.32174163
 0
 17
 0
 3
 13
 0
 10
 0
 11
 1
 18
 0
 3
 0
 0
 3
 3
 0
 4
 8.32174163
 5
 8.32174163
 7
 3
 0
 7
 0
 0
 0
 5
 6
 4
 0
 0
 0
 0
 1
 88
 3
 0
 3
 13
 0
 10
 4
 0
 1
 0
 0
 5
 23
 1
 4
 2
 1
 0
 16
 8
 0
 1
 8
 8
 8.32174163
 93
 0
 0
 8
 14
 1
 9
 0
 0
 9
 8
 2
 0
 5
 2
 15
 3
 0
 6
 3
 0
 15
 36
 0
 0
 1
 0
 6
 10
 6
 0
 11
 0
 0
 0
 0
 30
 0
 2
 53
 0
 4
 0
 0
 0
 3
 18
 6
 0
 12
 4
 4
 0
 0
 0
 0
 0
 0
 1
 10
 6
 8
 8
 0
 30
 6
 14
 2
 0
 0
 3
 4
 0
 0
 1
 0
 0
 24
 4
 5
 9
 2
 1
 1
 8
 8.32174163
 12
 1
 3
 41
 7
 5
 0
 0
 7
 0
 0
 2
 6
 0
 33
 1
 23
 0
 0
 3
 3
 0
 2
 0
 2
 3
 3
 0
 8.32174163
 3
 2
 4
 0
 0
 0
 1
 5
 0
 3
 1
 0
 0
 1
 0
 2
 3
 2
 0
 4
 7
 1
 0
 0
 0
 5
 8
 0
 0
 5
 1
 0
 0
 0
 0
 0
 2
 0
 0
 7
 2
 0
 10
 0
 1
 0
 1
 0
 6
 2
 7
 1
 0
 20
 0
 0
 0
 1
 0
 0
 0
 0
 0
 0
 6
 4
 0
 0
 4
 0
 0
 0
 5
 0
 13
 0
 0
 16
 7
 0
 6
 0
 7
 3
 7
 0
 32
 0
 0
 0
 0
 2
 5
 12
 12
 0
 0
 0
 45
 0
 0
 3
 28
 0
 9
 0
 0
 16
 0
 0
 2
 0
 3
 2
 0
 0
 0
 6
 0
 1
 35
 20
 2
 0
 6
 10
 9
 9
 40
 14
 0
 1
 14
 0
 3
 15
 0
 4
 4
 0
 0
 0
 22
 2
 20
 9
 1
 1
 1
 2
 0
 0
 6
 1
 8.32174163
 3
 1
 0
 0
 0
 0
 8
 0
 5
 8
 23
 8.32174163
 2
 11
 0
 20
 6
 3
 0
 8.32174163
 20
 8
 10
 2
 0
 2
 1
 28
 23
 0
 0
 0
 19
 8.32174163
 1
 0
 0
 0
 0
 0
 0
 7
 2
 0
 0
 3
 0
 1
 3
 1
 8
 0
 8.32174163
 0
 0
 10
 1
 0
 0
 0
 2
 186
 1
 0
 0
 0
 7
 14
 0
 0
 0
 3
 4
 1
 0
 0
 0
 0
 0
 4
 3
 0
 0
 11
 8.32174163
 1
 4
 3
 2
 0
 3
 8.32174163
 23
 9
 17
 2
 1
 37
 4
 2
 0
 11
 3
 0
 15
 0
 0
 16
 0
 5
 0
 2
 0
 0
 0
 0
 7
 0
 0
 0
 0
 3
 6
 8
 1
 12
 0
 0
 0
 9
 8.32174163
 0
 0
 1
 0
 0
 2
 0
 8.32174163
 5
 6
 5
 0
 11
 0
 10
 10
 18
 29
 0
 0
 6
 0
 0
 1
 0
 2
 3
 9
 3
 21
 2
 5
 1
 10
 4
 12
 4
 0
 0
 0
 6
 11
 11
 1
 2
 1
 0
 0
 7
 17
 0
 13
 0
 12
 9
 3
 5
 0
 10
 0
 10
 21
 5
 37
 1
 0
 0
 0
 0
 13
 0
 29
 0
 0
 0
 4
 15
 64
 0
 0
 0
 1
 0
 36
 8
 0
 3
 11
 2
 82
 0
 6
 20
 4
 0
 6
 0
 0
 0
 2
 4
 0
 2
 6
 3
 1
 1
 0
 1
 0
 36
 2
 0
 0
 16
 0
 0
 0
 0
 0
 22
 11
 1
 4
 2
 32
 9
 31
 0
 2
 0
 36
 0
 2
 18
 0
 0
 0
 3
 41
 3
 0
 9
 14
 3
 0
 0
 3
 0
 0
 2
 2
 10
 47
 2
 6
 0
 6
 12
 20
 6
 0
 8.32174163
 0
 2
 10
 7
 15
 6
 0
 1
 2
 5
 0
 8.32174163
 0
 8
 1
 145
 0
 0
 0
 0
 0
 2
 0
 0
 0
 2
 0
 2
 2
 18
 4
 0
 2
 26
 14
 22
 14
 3
 18
 9
 4
 0
 3
 10
 6
 4
 2
 279
 2
 0
 1
 0
 12
 4
 3
 0
 12
 3
 0
 2
 4
 24
 10
 8
 0
 26
 3
 1
 10
 0
 18
 0
 0
 0
 2
 0
 0
 1
 8
 8.32174163
 10
 9
 0
 12
 2
 0
 1
 0
 0
 6
 8
 0
 0
 1
 0
 6
 0
 6
 0
 1
 0
 2
 11
 1
 0
 3
 0
 0
 1
 4
 1
 2
 3
 0
 0
 1
 0
 0
 1
 0
 0
 0
 1
 0
 8.32174163
 0
 18
 0
 1
 1
 16
 0
 8.32174163
 23
 11
 1
 0
 10
 1
 0
 16
 0
 2
 14
 3
 27
 0
 1
 8.32174163
 5
 0
 1
 5
 0
 36
 0
 7
 0
 0
 0
 3
 0
 21
 8.32174163
 0
 8
 25
 0
 0
 11
 0
 11
 1
 0
 1
 1
 0
 0
 6
 7
 6
 0
 3
 0
 16
 6
 1
 0
 2
 8.32174163
 4
 3
 0
 39
 4
 18
 6
 0
 8
 9
 0
 13
 0
 4
 1
 0
 14
 7
 0
 3
 12
 6
 0
 0
 3
 0
 27
 21
 0
 4
 5
 1
 0
 0
 0
 2
 2
 21
 0
 16
 0
 0
 12
 4
 12
 0
 4
 3
 0
 1
 0
 6
 7
 8
 6
 7
 0
 8
 0
 24
 7
 5
 0
 0
 29
 0
 0
 0
 0
 8
 2
 0
 0
 46
 0
 7
 0
 0
 0
 0
 3
 3
 0
 0
 7
 12
 14
 20
 3
 0
 8
 0
 0
 7
 5
 0
 0
 4
 6
 11
 14
 0
 0
 22
 4
 0
 0
 0
 0
 8
 0
 0
 0
 0
 0
 0
 6
 4
 0
 0
 6
 0
 0
 106
 7
 3
 8
 22
 1
 6
 79
 20
 7
 7
 5
 10
 4
 3
 0
 4
 8
 0
 0
 0
 2
 4
 22
 0
 0
 0
 0
 56
 7
 1
 10
 7
 0
 10
 6
 2
 2
 0
 0
 0
 3
 0
 7
 2
 30
 35
 11
 1
 11
 12
 7
 1
 10
 0
 15
 2
 3
 2
 3
 3
 0
 0
 4
 13
 2
 1
 0
 5
 0
 17
 0
 8.32174163
 0
 14
 0
 28
 0
 29
 4
 0
 4
 2
 2
 1
 14
 0
 0
 6
 0
 1
 0
 6
 0
 3
 0
 8
 4
 6
 0
 1
 8.32174163
 0
 0
 37
 0
 2
 15
 15
 2
 0
 2
 0
 0
 0
 0
 9
 12
 2
 6
 1
 39
 13
 8.32174163
 0
 2
 2
 0
 0
 0
 11
 20
 0
 2
 17
 2
 14
 10
 0
 44
 1
 26
 11
 0
 0
 0
 19
 10
 21
 0
 13
 0
 8.32174163
 3
 0
 0
 0
 8.32174163
 0
 0
 0
 0
 5
 42
 0
 0
 3
 7
 0
 1
 0
 1
 0
 7
 13
 0
 1
 0
 14
 11
 2
 0
 12
 31
 7
 43
 0
 3
 0
 0
 28
 5
 27
 4
 4
 3
 2
 5
 13
 0
 8.32174163
 0
 3
 0
 0
 27
 0
 1
 16
 6
 0
 0
 2
 0
 0
 1
 0
 0
 6
 0
 4
 1
 0
 0
 4
 17
 2
 1
 5
 0
 25
 0
 7
 3
 0
 15
 0
 0
 1
 0
 2
 8.32174163
 0
 0
 7
 2
 4
 4
 4
 19
 3
