# Created by Octave 4.0.0, Mon Oct 05 21:27:53 2015 India Standard Time <unknown@Manikanta>
# name: Theta1
# type: matrix
# rows: 30
# columns: 31
 0.07671964950885124 -0.03512057586874179 0.210328128914214 0.003918076814845792 0.1442776035848841 0.01127836400790957 0.1421521613660974 -0.06631043788781978 0.121094744414008 0.03317314946692299 0.1357186323650544 0.06066044343789156 -0.05864649362835724 0.02543224254933146 -0.1108123775495889 0.09418832922836393 0.05223787665118596 -0.03476226155886794 -0.06451824034038599 -0.08598971375715314 -0.04480634697046802 -0.02395682309744596 -0.07791888387229287 -0.001626079429516667 -0.1029744300265997 -0.09412435982747162 0.04263969910168951 -0.01916737570192211 -0.05447082384430785 -0.09741917048122339 0.07627291533358402
 -0.04012742308750131 0.1197268269189721 0.2249683294825187 0.02576757508857631 0.02300300044305171 -0.08198474313623122 -0.01814868241992363 -0.02128201806912889 -0.092381889602578 0.02468495810402246 0.05740155707858974 0.01630808322464192 -0.1178755867548131 0.08740546951337018 -0.04201094505151651 -0.09662967432593245 0.02703548065674948 0.01528336537756615 0.004353149783493892 -0.05480363075264266 0.08043736911688883 -0.05780280103158802 -0.03801447768193468 0.006404545232095979 0.0704502357071919 -0.06057752360681892 -0.03333711763168827 -0.1403235461346146 -0.02855888321194082 0.01099813136800583 -0.08088902438159361
 -0.02552678447021049 0.1015239850498624 0.05285261075922047 0.001133418998509754 0.1201166676627532 0.06001614208382735 0.2085857831465173 0.01650020865953252 0.04182646401001445 -0.1147298351015691 0.006814750748036947 0.0966309123689727 -0.001949102259271531 0.09424105731969357 0.01623909591414511 -0.07614028868598399 -0.08867631384954038 -0.1127370073441293 -0.1072593041267593 -0.032351363750483 -0.1065437027262062 -0.1129067092386986 -0.03958275593455304 0.008554203785069766 0.06901138528355948 -0.04420746444387225 -0.03185294614529408 0.001730382569540968 -0.1086022823402134 -0.1039313009076758 -0.02910979855297319
 -0.02054651572794029 -0.09634027881439587 0.07655449324591225 0.1159279040706064 -0.05500337294718335 0.1034007752032635 0.07466146893472198 -0.06936600454691376 0.00587576497451442 0.004523080583911228 -0.01702236821547396 -0.04251061336382695 -0.03072494817070653 -0.08934614592553335 -0.1163738239588323 0.05195167148725458 -0.109460196602066 0.08169237354626967 0.06403024524101009 0.06417232443637123 0.0649809172672311 0.1153246699001014 -0.01394207050310516 0.006880338700341576 -0.116992617147411 -0.005677585260220908 -0.06910834995905878 0.04023920297016034 0.02965518602239933 0.02436833393503923 0.09470448709761264
 -0.05957832826351143 0.02076556563334757 0.3184207585319131 0.1805139425030232 0.1479209630754919 -0.01440680827878651 0.1572883286359512 0.1080180422001849 0.06285771926435553 0.1032831555224844 0.1248297936585239 0.01876660434374448 -0.04609517130305682 0.06125849582830337 -0.01072739840691248 -0.08325710073693431 -0.07967193749252058 -0.02697877929263 0.02876921864811401 0.005783907603462772 -0.08115747889976729 -0.03117011537222207 -0.02825511715697056 0.09103634608360643 -0.09612254430099673 0.1024138316347225 0.03381626036190501 -0.01492596693148459 0.02791799781733859 0.01033008201014416 0.07680104326703734
 0.04887030202548413 -0.02549518802648672 -0.1220011846743963 -0.002102805338143396 -0.0102191986466611 -0.03535135572413197 -0.04102467925334473 -0.01739868194905685 -0.0869301236650474 0.05592694030059177 -0.01933790081328847 0.06489904467132096 0.05260869042428515 0.05500598097768749 -0.005877798443987342 -0.002880799008738448 -0.09573907893690151 -0.02873414671138253 0.04337262766522299 -0.04709543828385818 -0.1008752281536048 -0.001230950650551105 -0.06183510170299594 0.05586046613368144 0.07970451384325834 -0.005807360901238596 -0.09234621618057146 -0.05189275978062071 0.1020162422710408 -0.001687693614850466 0.08436626500732813
 -0.03183501435503103 -0.04018226171621521 0.1207804984381411 0.110829059406702 0.1074473152101199 -0.107865039882968 -0.09204865995153988 0.09452963621063476 0.09691760499441318 0.08931234623512288 -0.04364608298268826 -0.0493406316755322 0.04405988553568187 -0.04965134894336878 -0.02496513830317375 0.05847788168844093 0.003995393100612671 -0.009153976475152148 -0.06085464499089163 -0.07742173166109176 -0.1017172149923586 -0.1052174942786205 0.07548700241557352 0.05514033639644735 0.04601822248454115 -0.02923337595925212 -0.1106784663142476 0.007656192587263406 0.04036020045082503 -0.002695352293862852 -0.06055058352873656
 0.02960061778755094 -0.1143487897111022 -0.09927987041689942 -0.1241967286589427 0.04875735036957146 -0.1172776784607673 -0.04996445578865036 0.06275726723681173 -0.05530834656396882 -0.07494181498959773 -0.01325366264237863 -0.09505729280972225 0.02262433818783393 -0.08507694654520218 0.01125558831353965 -0.08087081558272534 -0.08606004185976977 0.03061593365298122 -0.04206279449344962 -0.07072252427829408 0.04518450878496218 0.02858402631665934 0.1156875637871556 0.04377427831693814 -0.1042956248362877 0.02927822578421724 -0.1056129201110485 -0.101722835979316 0.02115223663007574 0.08085913537441963 0.04004258115489048
 0.08603130774138937 -0.05099350094400348 -0.115862325924063 -0.07904386568540744 0.07526371113792002 0.03859205419765532 -0.1173858606239355 0.04284249602084717 -0.01432444876223474 -0.04783582774640807 -0.1072412124598001 -0.0534110689039016 0.06594697087111397 0.0630049173470538 -0.06820803298576085 -0.0597333744565865 0.08616508252569514 -0.008966582146210969 0.06577176374044291 -0.01251715363267044 0.03089456871349684 -0.08099750044687741 0.09435594216051482 -0.04216751582589738 -0.07596098002672051 -0.09718248224076996 0.0848865348296079 -0.08037931124632375 0.08518463154106916 0.01775431995505298 -0.0568709692835656
 -0.09722197577156887 0.07953934953485141 0.005978785007518348 0.003564522244108791 -0.06411302000273568 0.01350082806319026 0.03073296270385852 -0.05797867356359965 0.002507223822076343 -0.06514963758903027 0.0009184810311356581 -0.0412536891687951 -0.005790066759593093 -0.01149522651632159 0.05538664039563584 -0.00108811504947455 -0.02119590210223743 -0.06240923676793709 0.01120392655149079 -0.04405351090875577 0.09300666104608085 -0.09657569402142838 0.1029396417349084 0.1827916491888251 -0.00384909569474566 -0.1097712540725516 -0.1907549750358236 -0.2120849606442919 -0.1280392981261401 0.06453463328052064 -0.06251833259244115
 -0.08565853629355334 -0.07462420670397851 -0.05540573941681998 0.001950215601470407 -0.0464411509151881 -0.1119232625297549 -0.04154785631945884 0.03493563038925664 0.06818385875525636 0.04825133738753252 -0.1177700408630801 0.05498843902706683 -0.09960034287915616 -0.002150644201129323 -0.1026259689552142 0.06842056004632455 0.04145092886041803 0.08122970572065431 -0.08706248599892194 -0.07486053942120449 -0.04718815785551753 -0.1076697654256186 -0.02975777544883411 -0.09467146469144051 0.05637050995497808 0.06848389043330336 0.0390997432159805 0.05976938254178684 0.04308714650659814 -0.09481747563552638 0.07944353746695897
 -0.09140625866815912 0.01935650322278919 -0.2494881708953532 0.001777338326831421 -0.0594094354636179 -0.04095063949228318 0.07877519714058012 0.030394777959553 0.002471132214465671 -0.03705491544519993 -0.02783434870618309 0.116312903423421 -0.05834592286757383 0.07264957632016748 0.07465168464968711 -0.01236947457047803 0.1050226566312311 0.1130972757413534 0.03639850230710866 0.0008573995398114382 0.109248423536945 -0.104505001714077 0.02530379228815646 0.008099444562317303 -0.03141912860551719 -0.02677905978107759 0.06439442716801735 0.02933363303770132 -0.04307463731935451 0.07680264783804025 -0.01689816677095955
