# Created by Octave 4.0.0, Mon Oct 05 03:00:16 2015 India Standard Time <unknown@Manikanta>
# name: Theta1
# type: matrix
# rows: 30
# columns: 31
 0.1067007035429471 -0.07817291531707203 0.0445802833011372 0.0630606925073619 -0.04386465467568855 0.02359768470106408 0.1051163961198112 -0.06694644671988348 -0.01445996726458848 0.07053154116716771 -0.02870974831056297 0.1032335150539883 0.01464675521555775 0.06850375495115346 -0.06861674011557405 -0.03434602079423061 -0.01533575914205893 -0.04395053845015605 -0.04776287107099871 0.02578406708819832 0.04860045167094413 0.01749551318074372 0.116259102786804 -0.006873613619278009 0.1193121152385459 0.09562747235874197 -0.08449029683946727 0.05443811579012794 0.08359816783883499 -0.01083870920959787 -0.03849331775740718
 0.06511895870338112 0.06421825252452852 0.1013182048811176 -0.06649409769242662 0.004537398977925898 0.002306553484753782 0.04613702577355092 -0.114037068565088 0.09413406039041027 -0.0524760384447139 0.06935943864739892 0.07061638395882801 -0.03328187124861876 -0.02135988398914307 0.04228380421423877 -0.03831597390212199 -0.02416310940923727 -0.004767411270146498 0.02187561697411141 0.01941973932494945 0.08031459706544286 -0.0430168973245268 0.07557308086946252 -0.04047274201522374 -0.02484262147826224 0.06559161889986485 0.003480199210948707 0.02985579312369207 -0.01307647880495343 0.0008812311698561097 0.07346926279706975
 -0.1110623618403804 0.04201831004189625 0.3319321724246551 0.007067668999915949 -0.08760252744507138 -0.05570277995182999 0.01737889637475138 -0.02462556533384114 -0.04468516641422288 -0.06171184036583231 -0.03331187014247979 0.02564963558803755 0.0894190584642322 0.0644365034370469 -0.01020346946995447 -0.02984351238697871 0.03738424541684742 0.117373659210193 -0.04372894436334464 0.02119719081723679 0.09923646173031112 -0.02828482777078562 -0.07664424500603534 0.03247015607592038 0.02322553828954094 -0.07609377269805685 0.05566186933497038 -0.1562740318232652 -0.2368003953877267 -0.003476873724783829 -0.08747457429894274
 -0.1122219462155178 0.04491880374283381 0.06535460204881942 0.0666632687262034 -0.1028634020820385 -0.09798096602515026 -0.1177889301746717 -0.01909988597785007 0.002367760885734331 -0.01752008544244777 -0.1033592513533753 -0.06666423270504733 -0.04843519245811795 -0.1126637443176883 0.09356666211181293 -0.05831127237157545 0.01360933783816174 0.08558314059669343 -0.09558563747316372 -0.07895149084639674 -0.05677015309798453 0.04935304004283872 0.06900392046232313 0.01676699933096662 0.08519391325377454 -0.04772934722000473 -0.0001996847193349651 0.1064412380132762 -0.06389763257176546 -0.0007291005289938946 -0.1193283207893671
 -0.07773889704666986 0.02889740256032578 0.3222073746615722 0.06508549466620303 0.01204446821164442 -0.01536711470915852 -0.07888408554213544 0.05732504032316388 -0.03082398958227312 -0.1044892625631074 0.04167530788532661 -0.1007033874950605 -0.1153642849441538 0.1185480923475687 0.0197556506348745 -0.1180710480849662 -0.05336686278492642 -0.06544706631826587 0.08337529892696252 -0.07375647150652462 0.003009520967600051 -0.03852089266781284 0.0576467819600019 -0.0557508739749107 0.0406923198993904 0.02576393953729016 -0.1186053265230529 -0.1969676599381651 -0.1299757821264807 0.005925092299392629 -0.02576590055853857
 0.06071696167368908 -0.109043948788766 -0.002638556583531885 -0.08672054131430176 0.03215309637008208 -0.02404476584129049 -0.2893035887437882 0.0926759012852543 -0.1236903646195535 -0.0529443382828403 0.01364036335595781 -0.01765982728470793 0.01820849039659272 -0.09834761888196922 -0.03887784794555547 0.0523426606146651 0.005879400596086535 -0.05584223725128787 -0.05118069922543115 -0.1679323123830999 0.05275897437462224 -0.1225223867108101 -0.07959396694284922 0.0165767163643255 0.0658890806996912 -0.07122474944256024 0.05755948885038183 -0.1200820551230327 -0.08032081290749443 0.08375124951704022 0.03459912088908813
 -0.08310029888061697 0.08393064910558867 0.04421947067203037 -0.002197932340981223 0.04858008563778748 -0.1135578623723983 -0.007491292714025161 -0.00775418152672821 -0.01727801809296337 -0.09842229606000104 -0.09579104236175852 -0.06520231828977054 -0.09009931759877431 -0.06687923581668309 -0.02607589534626749 0.05674715435315178 0.01877592719229556 -0.03650271849575588 0.002296628087996602 -0.02767443944360918 -0.07344166694030095 0.1062382139573525 -0.09027439685671358 -0.1251059187332586 0.01799100285727921 0.1062064259619189 0.03144028053861744 -0.1043351893684162 0.1268073152354691 0.01747242067154797 -0.08149029559420312
 0.09146386400560697 0.06192344382936014 0.02627569561849141 0.1144403610908985 0.124518242148933 -0.03500185476357881 0.08082000734897012 -0.003251519610512225 -0.1049625165664407 0.1095095072728249 0.133292662237798 -0.02581797298451044 0.02170934879879185 -0.02760056407945945 -0.06431647014072542 -0.01724555901630237 -0.0592940485983253 0.06343544063927822 0.03044026866466816 -0.02358306520106626 -0.06842411599053329 -0.05443016768871896 0.03986601949832363 -0.01613100074475388 0.07852600518492606 0.006395442324632165 0.07654787964496372 0.0120718277657045 0.1052963557523563 -0.04945856573992712 0.02039937390158979
 0.08284382055646368 -0.05852201928259712 -0.3172452269452724 0.008109268094434978 0.03844925245351902 -0.01103370928774087 0.005073558746106497 -0.05085535003040308 -0.01115928668222751 -0.06163287486665076 -0.001237938488399129 0.04050786959967903 0.01617742070044462 0.00122262500610205 -0.07749470656734078 0.1228044580283823 -0.0326883981426786 -0.02709469529700863 0.03631093635024453 0.02717947751935791 0.001515222545911565 0.05873756100469395 0.08825371813365952 -0.07945113990274615 -0.04056230983627061 -0.1082000258225554 0.153184977786131 0.09159723775920381 0.1925661933029478 0.09466749607297506 -0.01938612093532125
 -0.05864718300343966 -0.01159447382110105 -0.3331328604309783 -0.01475241550358025 -0.01158445843539826 0.1281219988896852 -0.01239188744104006 -0.09038651807893519 0.03901638905385996 -0.07846710028344321 -0.01765041330571243 0.09317781066900163 -0.1156891737013037 -0.04133277252055183 -0.07449976604600071 -0.07893824527041876 -0.01212307823029273 0.01124284573935612 -0.07767344015647792 0.138499884273029 0.09104699775823918 0.1290227080981965 0.005529227521695638 -0.01894409409082252 0.007000930602474911 -0.06806885909251241 0.07121926956058219 0.1468786812685041 0.06456920837945837 -0.09028139215977637 -0.08435646576939292
 0.09406742763885008 -0.0002245004464203356 -0.07167441298260016 -0.08911939177416522 -0.01893944355195844 -0.005111907992249897 -0.09679067289936885 0.1015541132924465 -0.02595780339527617 -0.01912058737926424 -0.08093741824619313 0.04127059207242924 -0.04400335925156285 0.09353541732410417 0.002927114254828087 -0.07247123059912174 0.03658698283816415 -0.1130364710776766 0.03313897865702328 0.09281250849836459 -0.06477029689156438 0.006996468620384848 -0.04968031694878375 -0.01708457794960378 0.06674895445434487 0.02040620664431518 -0.008146119670797779 -0.1133829248346554 -0.08281989276733261 -0.02815059800773491 -0.08032107682798707
 0.007110941451085076 0.04359427284116332 -0.006023700331144659 0.02207311142922615 0.0552950983000823 -0.1293116331179421 0.01798979916054505 -0.03320398142520808 -0.0565942121519656 0.1045151000934066 0.1354010294339527 0.03233932793655406 0.0720484355168426 -0.1032537010579055 -0.07105646434097676 -0.08360389912372972 -0.07297125368476005 -0.1126896879362286 -0.111922528230721 -0.07874662556430893 0.1113522563181449 0.04725680367079616 0.1010022545913834 0.09790103615828849 -0.05847107115546643 0.06731296269967607 -0.2181841219407203 -0.1001445361697856 0.04770110738603903 -0.06343597037677773 -0.04407568248867389
