# Created by Octave 4.0.0, Wed Oct 07 18:16:24 2015 India Standard Time <unknown@Manikanta>
# name: Theta1
# type: matrix
# rows: 68
# columns: 28
 0.02470475488053456 0.1008170781136104 0.1793395784395512 -0.08055700285797839 -0.1045329317707667 -0.009645119108905868 0.001189499693043717 -0.03752861231558045 0.05973646833466255 -0.07264188961141277 9.269917118043628e-005 -0.0291910350939838 0.1008206668416181 0.002867631192006656 -0.008082736553566448 0.1384225394893066 -0.01127255034036633 0.0825896027423378 -0.01794468178646898 0.05239657091828195 -0.006850930552641897 -0.01445698645188211 0.02442814001498345 -0.02499108472125606 0.1090902305242556 -0.0130630276695655 0.188585446434953 -0.05532684097148627
 -0.02076392584187826 -0.05661580090396126 -0.05150679217627013 -0.01395609443742796 -0.08972904652875746 0.0157282873389415 -0.09126661079640583 -0.04409212829256167 -0.02827628947748934 -0.003196487848794572 0.001123480175380179 -0.07470958378765616 0.01631350684409995 0.04186744889282188 0.04754749540900852 0.07583704002292724 0.05541847815372008 0.09365576957421251 0.09074863677949856 -0.02116435085860843 -0.002598653203738161 0.08253381327320164 -0.08717563831634136 -0.02009841508280702 -0.07209154795892597 -0.06419495352935596 0.08055547540533411 0.04986636064303326
 -0.04340532234681635 -0.05340601032549984 0.2988995506862033 0.002797909314287172 0.02487289372504223 0.0508508409863541 -0.09806869169465496 -0.0891631257651643 -0.005189115786807363 0.00148208907425346 0.001913325432539107 -0.07515961514863899 0.02747765861716675 -0.0266942057768349 0.02292676881140598 -0.0001354294231224254 0.01502275063815441 -0.07940681296019457 0.07287763653867657 -0.01547647984742953 0.07163183967359066 -0.08828210900405981 0.04470054388850004 0.1026803074730031 0.05646873009346387 0.003187286146110219 -0.07543568402789287 -0.08727538157812025
 0.3235866832488454 -2.424921142747344 3.90319927856844e-005 -8.76626303820179e-005 0.0001516178032968432 9.080640889208165e-005 3.949683869964972e-005 0.0005217237552654133 -0.0008825102381358702 0.004183563743080712 0.0003448515610343776 0.009880195021957456 -0.005042896584837717 0.0004534703029764529 0.09447795640936374 0.1514664188546546 0.0615646506001503 0.006244929502297449 0.08737052664818989 0.007346393720885079 0.142812602900408 0.1044155662185415 0.200802082308867 -0.08560854117066403 0.3760598333364278 0.2909699393322722 -0.1494290478705698 0.05574884356473928
 -0.1101968329161392 0.02474607305138747 -0.07900370561021898 -0.007702446092392522 -0.06748121606534226 0.1260769175905493 -0.1015908190700914 -0.1311293513633782 0.08958138946737014 -0.08012118094730789 0.04136977512223825 -0.02822822344145158 -0.03427459207101391 -0.05205721992178003 -0.009536266505833974 -0.06044198499335975 -0.006852794836736106 -0.00641406275531176 -0.0998369667349433 -0.06064704401916314 0.07542556866296821 0.02044223590928741 0.01604240474842553 0.03211482058447553 0.005976613607925474 -0.07423225131408993 -0.07955291024791193 0.09919983974093728
 0.0402452399057292 -0.03538987407670331 0.03853143906854228 -0.0153431758169217 0.09750530285550714 0.06497839675701646 0.04390608284834996 0.09058626149470513 0.09446794770234489 0.09278000513260774 0.09229297951238236 0.05244430168845952 0.08084309599883686 0.02861797159096802 -0.02125460083346594 0.1012256563778024 0.06541211871472331 -0.007151633332925585 0.05875422035864515 0.09332636394769959 0.07350425710263607 0.05571305425532259 -0.004986262355925991 -0.03355737487013082 0.01493919919183202 0.1009511227472981 -0.0732037914756183 -0.006441084186834598
 -0.04822673599463858 0.154942056603223 0.008052301060769387 0.05566423749525303 -0.1979531679404242 0.04451252048690261 0.008970012032430296 0.01943310974194219 0.05354223453271478 -0.07397403889349728 -0.01603152899992579 -0.01446918126792031 0.06196615691322227 0.03161394960463196 0.1140355554755403 0.05465081191243542 0.07458004604007366 0.02114043566747419 0.1070151374879229 -0.005371314617096606 0.0822114836765267 -0.007022415991123375 -0.009194220851490499 0.04122067413577347 0.03389971824625641 0.0943468702095832 0.2225666475983052 -0.2070379510384338
 0.04466163032635188 0.06124535333834813 -0.04519036251298643 0.006444862241006537 -0.05919469976470697 -0.1150829403727916 0.1264901169376433 0.06593129945189898 -0.07207495465252094 -0.003968123302907088 -0.005709093966788853 0.05076697175742604 0.06607255766177918 0.01708381168270387 0.07201030267645554 -0.04789116481000268 -0.08921604405476369 -0.0520546496632141 0.06813977982351846 0.0859191699805726 -0.07992570458308633 -0.02200744654761809 0.03930730718696178 -0.1013730673712127 -0.01067770816462544 -0.07200621458969571 0.1317085648971028 -0.1155959808890637
 -0.01752486931771493 0.2559947148821514 0.2487581109016957 -0.05009420214281717 0.08599874837943763 -0.1425198076571306 0.0006695454608300848 0.06012515156076794 0.01720761297918633 0.06780895904697977 -0.006579965595661722 0.07985903418320768 0.07976976903728775 0.03699464965142692 0.06757419802793782 -0.03839494840653892 0.07010643670541512 -0.02605097587555555 -0.03893950532422876 0.006945169596184737 -0.05873843509561087 0.05352700808767101 0.07581802046165108 0.06147363674533765 -0.0237654381516169 -0.09968688540776051 0.09547400519226606 0.2156809371995455
 -0.1364871821422488 0.01169741368534545 0.0004385315994803528 -0.006314133112398753 -0.003669748867871533 0.01975005519430723 0.01177682002226883 0.05666652725428044 -0.00713305283767709 0.09862069608654743 0.003531749369290264 -0.04110671415448212 -0.1110902071762762 -0.00230329909189907 0.02004762889196983 0.008976340669080349 -0.06090324445809227 -0.04882969130345884 -0.09655955724842702 -0.02657705318017317 -0.06817919104323168 -0.05802431535891628 -0.01725993191541239 -0.09866430096514348 -0.1278754387763796 0.0421639022926858 0.02622173870778799 0.1021292593964146
 -0.1178923533036336 -0.026064687100227 0.03287258275839072 0.03795247937992089 0.002592084569963548 0.01047615743992841 0.0845828209207785 -0.02709305692574347 -0.08111524158560871 0.04321957936554026 0.09203831139493765 0.05729877081318843 -0.0583141886725368 0.06519821712263295 -0.02765796523510373 -0.04111850364251881 -0.05511819831591944 0.09655776531240397 -0.05343668472347136 -0.0245826672653665 0.09275500676581225 -0.03026216715828344 0.01077964734275532 -0.05644727621121646 0.01413691485718596 0.08343021344038146 0.1003349077937921 -0.06213878062155739
 0.1104394129811712 0.06933043821074911 -0.05002447683074115 0.0617845383839303 0.09523390209680548 0.06045039829285916 0.1059470857777497 -0.05345375296877677 -0.06354853120672493 0.0221918609604457 -0.005645982357232848 -0.008927655723707956 0.0879605142028876 0.09209253224824689 -0.07595217384582749 -0.07006796659598723 0.09696960743975622 0.07322375398703204 -0.03472114533102866 0.1090471056435155 0.01852335852491187 0.03265502396303502 -0.09477734850316683 -0.05509858142305794 -0.04919060970870832 0.03634017880067385 -0.0268115333136725 -0.06463029230477481
 -0.06766342717905642 0.1073606589384474 0.002289479446726116 0.1156156976660474 -0.01238969470190021 -0.1092009395436805 -0.1429849581166684 0.01169128199198824 -0.05486144024822301 -0.09102512380009117 0.08400522479688945 0.07180265269215369 -0.08394861728453019 0.01282074183398294 -0.100168607041614 -0.03331521477262239 0.01688350184688708 -0.04213035639125799 0.003829822946432905 -0.07969347524437471 0.03482984335585129 -0.0728285788916507 -0.05895833274607572 0.0590463398733877 0.08631289045651815 -0.04639626024574352 -0.1358272460826328 -0.0847350904636085
