# Created by Octave 4.0.0, Wed Oct 07 17:00:23 2015 India Standard Time <unknown@Manikanta>
# name: Theta1
# type: matrix
# rows: 68
# columns: 28
 0.01962626151271691 0.1824793599825601 0.1652874372157717 -0.07281027289877683 -0.09870009464863183 0.000259783356429299 -0.003777404631381035 -0.009224373489347232 0.05683563726493336 -0.08159767277643157 -0.006717520714578934 -0.01188128384805599 0.09998715461084028 0.04306952101119442 -0.01263916156901342 0.1216299785123614 -0.009167418127804861 0.08924880086454402 -0.03680619917782215 0.05471140960628544 -0.007760031342943523 -0.05230902240529331 0.01936908530286029 -0.04079002536330505 0.08114448088609093 -0.02155889470301981 0.1085311995081437 -0.04354795987642379
 -0.02078310998887376 -0.06059474076690095 -0.05397558991357261 -0.01556217806046551 -0.09626306719845741 0.01675491854032836 -0.09652276487089136 -0.04706003224145776 -0.03214534626956079 -0.003409492326513949 -0.0003281225316210789 -0.08060508820420594 0.01742597647910147 0.04471214796636717 0.05076241119888966 0.08096338807764994 0.05922096981483876 0.1000831501309532 0.09692102270448558 -0.02308702725426749 -0.002796105487402865 0.08814189371310872 -0.09317122053775186 -0.02160584426849027 -0.07710465989848111 -0.06864574552012769 0.08594386518418516 0.05319724072617438
 -0.04084589113389301 -0.0374614534714365 0.2831580965376143 0.005104957212808403 0.02396509325120578 0.03789365169543399 -0.09427079739271532 -0.05766473485478035 -0.01021338580820341 -0.0009492725306487437 0.00370308093058559 -0.05248918701392773 0.03654551388613112 -0.02469317044087878 0.03664077806730268 0.004242386785523343 0.01994813905575461 -0.08485522690951243 0.07888695420841259 -0.0009361745297658061 0.07854794980581158 -0.09172484363966178 0.0532368214264583 0.0626167519863375 0.07421197376442884 0.01489225505133061 -0.05654238921084573 -0.0737037935159273
 0.1696221751370141 -1.401924087845618 9.245650153492641e-006 -6.224791620460811e-005 -1.839907410655751e-005 -8.429582132312783e-005 4.892895192966751e-006 0.0007801072226566482 -0.0004114312641415371 0.002448945350256276 9.317830943455698e-006 0.007081339475223912 -0.002477054750589738 -0.002573128833263635 0.1131113339939464 0.07486454596045897 0.0117298026078046 -0.03276519097509555 0.08461874905505958 0.002617229709451767 0.09965356305784751 0.1062091153488132 0.1314433422825073 -0.005162146795355949 0.1489309209764463 0.2074112164411704 -0.07363321174816875 0.03163449219678428
 -0.106209359036885 0.03315017967608693 -0.08300241438306612 0.006014101783288624 -0.09817122225473744 0.1313004760803339 -0.1112005577968869 -0.1166703033806833 0.06811487194677671 -0.07727077469107714 0.05132511159570152 0.01160271882172757 -0.03254805126352878 -0.04450041219555548 0.006080584672450133 -0.05979751542121656 -0.006851811755245949 -0.001397750168915916 -0.1001425676251297 -0.03812233793897575 0.08317552070195848 0.03219956691974575 0.02088086684700753 0.04189029848389429 0.02677326187113793 -0.07102594660181483 -0.06635271197970963 0.06066877129334137
 0.0402320634952959 -0.03788189313348338 0.04007360808101096 -0.01678430041797771 0.1035591825752797 0.0689007572709877 0.04593547183080172 0.09674766352173146 0.1010304141625941 0.09911909509475791 0.09937452011017592 0.05604296812252257 0.08644108618818533 0.03056218270034353 -0.02269754732767626 0.1080901432875488 0.06988869106518267 -0.007669961692268764 0.06275960401814426 0.09971438062825499 0.07853566226705574 0.05942680605155946 -0.00532596924247865 -0.03598603131140799 0.01591859611753618 0.1078475774488411 -0.07826522159944797 -0.0068881913555072
 -0.06452684905704931 0.2160424656651901 0.007830740452729884 0.03506719180900636 -0.1591239838728054 0.03542877909169614 0.01253278485719962 0.04460331066257234 0.07519281690397712 -0.02323749547235548 -0.02437645701810099 0.03062164923295494 0.05315293907988825 0.04481719167292154 0.1089637892608128 -0.01756713858864484 0.08136860656041096 0.02279106335144787 0.1042089113517694 0.04481760284598892 0.07969839572597313 -0.06837105885911414 -0.03100761050184245 0.001198931553208754 -0.04774381310882878 0.08490752728261997 0.08462906340817999 -0.1819118496891494
 0.04317015907565962 0.06937138662175055 -0.07634454232128619 -0.06079080143062474 -0.02163441547305942 -0.09834686718821398 0.1310581688807217 0.06259053348041414 -0.08413567381769427 0.03137765209019044 0.02519782110183729 0.05583273031239681 0.05441987784750856 0.01044186924552497 0.07269773096543028 -0.05723693928459615 -0.09611397299666651 -0.05532562822136451 0.07483240340697715 0.1323136513717572 -0.08756991978758898 -0.02631338344363301 0.03916671505192396 -0.06558096617852056 -0.02601785144236396 -0.074582585659745 0.07374789727574513 -0.1007982837592995
 -0.00774068272404506 0.2860555568470812 0.2222317900545108 -0.0428349351954681 0.06124593574231278 -0.1254898013567506 0.0009227672036993071 0.03838281694166317 0.02004176106068292 0.06746612583098961 -0.003268960399886759 0.07289996305877823 0.05918526194835971 0.01880469204429602 0.08055343298898618 -0.06337420152866803 0.08097814800786317 -0.02012456906254497 -0.03989969776017409 0.01982885093426876 -0.0557152557447315 0.06258951682313758 0.08711682778258183 0.006310022499489218 -0.002450317588540088 -0.08938388769556349 0.05525959979709806 0.05934881406200411
 -0.1177440120574621 -0.04508539190167438 0.0007666718941468009 0.001095287232429287 0.008082570613681101 0.004551953236799596 -0.00610291974512416 0.0776647973455121 -0.05625451447200902 0.05367694078388604 0.07289735448278906 -0.0136553675331156 -0.1082312474823943 -0.008298526679605569 0.05140139212366071 0.03622359637584689 -0.05615211804834518 -0.04666673845126042 -0.08244530141339625 -0.09708402517306607 -0.06170730492265292 -0.00928266035492973 -0.002922770639307643 0.04072701821207689 -0.0270154390782963 0.09050038935285526 0.06006955933039852 0.1016289944607256
 -0.1179296448567644 -0.02792272556442391 0.0303694440565328 0.03707252841988974 0.001147735665635923 -0.009754815733455982 0.08584122871476578 -0.02914494678848033 -0.09021668111912297 0.04600546689951111 0.096957594211598 0.06133647188826895 -0.06260167232021732 0.06962022081225611 -0.02975241366766995 -0.04411719682262227 -0.05891531691492932 0.1031358985751983 -0.05717268365058808 -0.02702298611694495 0.09910863817601549 -0.03250837098405693 0.01147577624704124 -0.06147902362226604 0.01497688568082972 0.08906265051301912 0.1071470891060872 -0.07074487173442942
 0.1103097680036502 0.0790641403312779 -0.05500530025142322 0.08072281591608647 0.09087049615607817 0.02943805159115551 0.1165325972660037 -0.03824746607513003 -0.04553639818010807 0.0278678558100239 0.007711828576685934 -0.01377131547927635 0.09103575534727072 0.09890921250279114 -0.08337466512478817 -0.07764635682054254 0.1026151857285608 0.07831088092807997 -0.03826517087778002 0.1175791057371958 0.02011174269702674 0.03676454629326479 -0.1018122483632866 -0.04946303796913749 -0.05264077842218848 0.04177012358108194 -0.03943262903098103 -0.07153729654293152
 -0.06672626089174861 0.124902495809899 0.002638689757206747 0.1082758065323542 -0.02566737674273472 -0.1076870232990277 -0.1245823282925672 0.02154705672318561 -0.05344090720501962 -0.07315500345694333 0.07142656671649687 0.06784657144366343 -0.07689696358882155 -0.0258958050296896 -0.1059912716316789 -0.02606780249573385 0.01795119064417136 -0.04266237533704272 0.00537516574784877 -0.02930949147970838 0.03746080396484491 -0.07986323486880705 -0.06299712617443985 0.05162888115030079 0.0947042581745301 -0.04310545678439528 -0.1308977029347132 -0.04699494421277071
