# Created by Octave 4.0.0, Wed Oct 07 00:37:59 2015 India Standard Time <unknown@Manikanta>
# name: Theta1
# type: matrix
# rows: 36
# columns: 7
 0.8393095569177266 0.2615377996459474 0.0635939727526523 3.110979186003581 2.269395895272105 0.01887966584318563 -3.224760298645093
 0.7197645629904891 1.685847109424024 -3.355254583753691 2.209806394881694 0.3470845141386747 0.1900096575370596 0.05852432625493545
 0.8235620527871095 0.4712137502578363 -2.921262178605835 1.75573311935573 2.204716976469049 -0.2050751785696892 0.2033780365472512
 0.1889513732266887 0.7908808367526803 -0.03215794400527239 -0.05137569532526236 -0.2392066171989169 0.02291744097281849 -1.780219150197594
 -1.321562212067451 4.004203020537476 0.04466615230713808 -2.944015459690548 -0.3627849029869628 0.02245914299146978 -0.0311940448069123
 0.8351946867636759 -4.896652517769217 0.1706792102242308 0.6735247275500948 1.242577028050584 -0.02431750289637752 -0.006096319763112556
 -0.08070202342037709 1.067309902735272 -0.02278983781803582 -0.3113989262663396 -0.3133953995760033 0.03430238015336761 -0.7523636262343549
 0.7289309500699089 -0.1004423701216834 0.2014651273510837 1.204767866524405 1.046078465148079 -1.465749293283739 -0.03523352058106129
 -1.107718970206137 3.900620607645155 -0.03503162177569158 -2.280293856773814 -2.065449287919865 -0.05574764194618814 0.0196725938035654
 -0.8612398538425763 -0.1306380132383333 -0.1862004132531461 -3.164735956971177 -2.087279625341978 4.318224113156284 -0.0561272737092432
 0.2836241975717929 -0.3340775995458005 -0.9000306646475235 1.381214798735051 0.7271350788302768 -0.2498951598618768 0.1554345976675658
 0.758102616164254 0.0207478183249778 -0.01977990064343446 2.220944936755953 1.17147977672593 -2.143877972040375 -0.01548645204592584
 5.422335910773672e-005 0.0298966757934183 -0.1826659499755351 -0.2009811389331147 -0.2636419423545675 -0.9927589178688081 0.3292509256714095
 0.1883491469982158 -0.188821696375273 0.09262898161601174 0.5170923969500804 0.7457838506138781 0.3348725503977935 -0.7369830696328864
 -0.02281955883309478 -0.2702404524154806 -0.3015195390778138 -0.2680088588476437 -0.06258844200993878 -0.5552478772178571 0.4850353451791923
 0.1360211642691679 -4.15912653445671 0.03856450351444269 -0.09798960598154119 -0.2651615787034967 -0.04050844178959602 1.737200718578295
 0.3174424334612599 -0.9199136798601066 -0.4594337393439101 0.550791949299456 0.6657469123116929 0.5451047688162355 0.06585256287921268
 -0.01435034565864376 -1.491485852035408 -0.2668311185838881 -0.02561418390851585 -0.00088072214216499 -0.6910849604179078 0.4987211175190989
 -0.4975809162262211 2.433351911007457 -0.08056379035964328 -0.8754524914970258 -0.8526865718758068 -0.02802706667634496 0.06771176725202091
 -0.08745663949337017 0.3201249337676692 0.3155722490312295 -0.008930035005176888 0.04430141854232117 0.1830818792525385 -0.06558907196443915
 0.5414447297069277 -1.565655092428687 -0.1235397179966228 1.000239385972483 0.4093776235546114 -0.1852604604928998 -0.7549343220873519
 -0.153768324345322 0.1776965037452001 0.03384812942084173 0.1374982702374714 0.1015544657562262 0.5582639671813135 -0.4948320724655133
 -0.5508830787700338 -0.3338803621916775 0.1524983882321099 -1.454193890920444 -0.3658249721216124 -1.182153970685254 2.290195812005912
 0.01186120641546957 0.5828820567707838 -0.1438747281478416 -0.1666699427208131 -0.333223533710778 -0.4206935167484578 0.1161737868981392
 1.155638240382023 -2.518879301027923 0.03633803732927399 3.093430149793296 -0.111603510371286 -0.01574563601799187 0.01463523334989551
 -0.3211858691788217 0.04992219382309602 0.4273624991784911 -1.228665699807682 -0.8221339478354718 1.036260742659368 0.3595729814621422
 -0.3224111693462682 0.05254827314290828 0.6276638837853071 -0.7161184011336803 -0.5601511034701301 0.03579068349023336 0.04906443606230367
 0.2527677096427267 0.1134734799820917 -0.6819457770220344 0.7396184496083392 0.7808805390247355 -0.07372007274100721 -0.05481938464120717
 -0.1334070312073799 -0.07091476855443603 -0.467331934425791 -0.1384637688581243 -0.1402853020057751 2.151005437813883 -1.544777647454002
 -0.2134455306771027 3.894856231960412 -3.21869486785316 0.3911012892305489 0.9092673945200388 0.03399351645537673 0.08500498055971692
 -0.07483195386577991 0.003427370031680554 0.3641413607418468 -0.06017866267597592 -0.08823324936265652 0.1391203690360357 0.1749530444845967
 -0.176211798410475 -0.2727125647945085 -0.4488352967319738 -0.3619894588280732 -0.2720476708732278 0.3018305634180365 0.4085929664103749
 0.2219992633301866 0.6541070902227993 0.3810287934852847 -0.1298094744432692 -0.6413705556628552 -0.06272049704974748 -1.448931586368142
 0.4055899293233918 -0.9747768693755764 -0.1061064404790421 0.3541960214080516 0.1344906519696591 -0.08296373880185591 -0.5089312927192754
 -0.2187139230311139 0.06514939928417499 0.4368210374876271 -0.4744880936435416 -0.4278560644727791 0.03427445029828311 0.608407968113672
 -0.3877425419558876 -0.2385158945781791 -0.03204868518669667 -1.232291452896096 -0.3996402812453583 0.07741993899520405 0.8077651820485395


