# Created by Octave 4.0.0, Mon Oct 05 22:49:06 2015 India Standard Time <unknown@Manikanta>
# name: X_19
# type: matrix
# rows: 14273
# columns: 1
 12
 14
 20
 33
 22
 40
 20
 42
 24
 6
 14
 47
 10
 32
 48
 5
 48
 13
 48
 44
 48
 48
 5
 11
 11
 40
 32
 13
 41
 29
 5
 20
 36
 48
 43
 29
 9
 39
 31
 20
 34
 49
 40
 8
 1
 29
 7
 22
 27
 28
 41
 22
 14
 29
 8
 48
 15
 7
 15
 2
 12
 10
 38
 22
 9
 13
 5
 4
 16
 33
 14
 27
 42
 43
 30
 7
 38
 20
 46
 29
 37
 44
 40
 7
 11
 33
 30
 27
 24
 6
 14
 37
 42
 18
 31
 23
 13
 9
 49
 40
 25
 49
 18
 34
 6
 36
 8
 7
 16
 12
 43
 3
 6
 26
 2
 25
 31
 49
 9
 40
 14
 43
 15
 10
 37
 13
 7
 45
 19
 5
 21
 26
 10
 28
 47
 29
 19
 11
 21
 2
 38
 41
 28
 42
 15
 28
 18
 35
 7
 25
 34
 28
 4
 2
 26
 6
 32
 18
 24
 30
 46
 30
 10
 23
 9
 29
 2
 33
 50
 47
 18
 2
 27
 31
 32
 48
 35
 22
 38
 35
 41
 1
 37
 25
 44
 29
 14
 48
 17
 35
 40
 20
 14
 16
 11
 12
 42
 47
 12
 8
 5
 17
 16
 7
 41
 11
 23
 16
 9
 32
 35
 29
 21
 44
 47
 36
 40
 31
 21
 9
 17
 29
 7
 28
 46
 37
 22
 22
 20
 18
 29
 23
 24
 23
 2
 22
 48
 41
 14
 32
 46
 8
 28
 35
 45
 44
 16
 49
 15
 29
 5
 29
 3
 34
 31
 16
 39
 27
 6
 40
 3
 43
 10
 25
 22
 7
 21
 40
 4
 43
 11
 23
 3
 15
 42
 12
 18
 10
 36
 31
 12
 41
 17
 42
 6
 10
 32
 29
 45
 30
 20
 14
 49
 44
 7
 33
 21
 40
 32
 9
 5
 5
 20
 11
 46
 29
 32
 45
 24
 19
 45
 18
 2
 46
 16
 7
 43
 14
 6
 3
 27
 21
 9
 40
 21
 29
 21
 49
 6
 15
 40
 32
 8
 36
 20
 14
 7
 43
 30
 50
 47
 10
 28
 8
 33
 30
 30
 18
 33
 41
 39
 2
 26
 48
 36
 6
 14
 29
 36
 18
 46
 12
 36
 25
 7
 9
 34
 22
 8
 36
 15
 28
 50
 34
 36
 21
 27
 12
 16
 29
 30
 45
 6
 3
 47
 2
 30
 10
 47
 41
 47
 31
 3
 14
 3
 30
 8
 12
 49
 17
 11
 36
 23
 2
 32
 8
 48
 12
 24
 17
 25
 8
 29
 48
 8
 20
 15
 9
 27
 11
 5
 23
 16
 22
 23
 34
 41
 17
 33
 30
 8
 20
 32
 34
 3
 26
 47
 7
 31
 43
 33
 49
 24
 31
 25
 38
 25
 21
 44
 26
 38
 42
 3
 31
 12
 17
 37
 21
 32
 23
 32
 31
 4
 24
 35
 50
 15
 4
 44
 39
 13
 6
 4
 17
 14
 43
 14
 12
 13
 17
 25
 3
 6
 23
 33
 21
 21
 16
 10
 29
 32
 50
 18
 45
 13
 10
 37
 50
 25
 23
 33
 33
 6
 33
 5
 37
 3
 25
 29
 35
 10
 7
 5
 37
 35
 37
 15
 33
 36
 32
 32
 10
 49
 34
 45
 49
 17
 25
 15
 20
 38
 10
 47
 50
 2
 1
 3
 39
 37
 14
 42
 17
 47
 44
 15
 5
 3
 16
 11
 26
 13
 9
 14
 16
 47
 28
 49
 47
 26
 16
 25
 37
 36
 14
 31
 9
 22
 45
 48
 9
 17
 24
 49
 10
 13
 27
 43
 19
 38
 25
 27
 12
 46
 5
 10
 20
 14
 8
 7
 31
 19
 8
 35
 1
 45
 40
 39
 37
 46
 33
 3
 11
 22
 43
 20
 21
 6
 28
 35
 30
 24
 39
 40
 14
 9
 16
 19
 20
 9
 46
 31
 42
 10
 4
 48
 29
 47
 17
 3
 49
 40
 1
 26
 25
 43
 13
 33
 24
 7
 18
 12
 2
 41
 30
 9
 36
 7
 9
 42
 9
 48
 3
 15
 48
 3
 22
 48
 11
 20
 31
 25
 18
 16
 6
 48
 11
 13
 14
 7
 35
 13
 16
 45
 21
 13
 33
 20
 14
 25
 7
 19
 42
 26
 12
 35
 1
 48
 46
 43
 12
 27
 29
 42
 48
 5
 27
 16
 29
 10
 43
 30
 41
 9
 25
 38
 25
 19
 12
 12
 27
 47
 1
 13
 35
 22
 18
 22
 37
 17
 29
 47
 27
 19
 9
 2
 27
 5
 7
 34
 48
 39
 5
 21
 12
 22
 3
 6
 42
 4
 32
 44
 26
 42
 12
 40
 20
 11
 4
 19
 36
 49
 8
 40
 6
 21
 33
 1
 15
 38
 9
 27
 29
 8
 18
 46
 14
 21
 31
 20
 4
 36
 24
 2
 40
 44
 31
 34
 10
 40
 45
 3
 44
 39
 48
 14
 35
 17
 7
 10
 25
 30
 46
 3
 44
 44
 21
 17
 10
 47
 20
 30
 34
 28
 18
 19
 25
 42
 3
 34
 26
 3
 19
 30
 35
 46
 12
 6
 19
 47
 44
 33
 24
 23
 18
 1
 44
 31
 18
 21
 7
 46
 41
 30
 14
 45
 48
 22
 22
 7
 37
 3
 21
 4
 38
 4
 44
 6
 21
 43
 27
 31
 20
 10
 33
 48
 7
 32
 1
 13
 2
 24
 46
 40
 34
 45
 12
 33
 31
 36
 44
 5
 32
 40
 44
 43
 27
 8
 21
 2
 34
 30
 2
 16
 36
 49
 20
 19
 28
 20
 49
 37
 9
 47
 32
 37
 28
 21
 31
 36
 34
 6
 48
 28
 32
 26
 28
 20
 2
 48
 18
 21
 21
 33
 12
 7
 44
 13
 16
 34
 11
 33
 49
 33
 36
 45
 37
 42
 34
 45
 15
 16
 26
 37
 34
 31
 7
 17
 3
 17
 48
 47
 31
 36
 19
 34
 33
 40
 25
 2
 35
 21
 27
 9
 20
 32
 7
 45
 30
 31
 44
 10
 1
 39
 6
 22
 49
 28
 18
 33
 31
 8
 10
 47
 13
 34
 38
 26
 28
 19
 2
 27
 24
 23
 22
 6
 31
 24
 29
 41
 22
 1
 32
 34
 15
 46
 39
 30
 32
 9
 15
 5
 7
 43
 1
 15
 3
 6
 14
 3
 6
 26
 33
 48
 11
 23
 20
 45
 6
 7
 44
 47
 9
 22
 33
 4
 16
 23
 21
 28
 29
 27
 46
 31
 42
 12
 21
 42
 41
 40
 22
 22
 8
 37
 8
 49
 14
 46
 8
 21
 9
 11
 45
 25
 28
 12
 13
 48
 3
 15
 49
 44
 22
 45
 29
 27
 49
 32
 31
 20
 8
 8
 15
 49
 11
 17
 10
 7
 45
 30
 19
 13
 47
 22
 11
 27
 48
 1
 8
 49
 35
 20
 48
 43
 37
 27
 35
 26
 49
 40
 17
 16
 28
 40
 17
 32
 10
 25
 29
 1
 2
 28
 37
 46
 5
 29
 14
 48
 23
 15
 38
 7
 28
 3
 45
 47
 4
 40
 40
 18
 8
 8
 45
 47
 50
 36
 20
 29
 21
 14
 5
 10
 34
 41
 17
 26
 27
 34
 15
 24
 25
 31
 10
 21
 16
 11
 11
 6
 12
 40
 36
 26
 42
 13
 46
 2
 5
 45
 27
 16
 12
 7
 13
 16
 14
 46
 19
 8
 29
 19
 47
 34
 4
 32
 19
 18
 39
 25
 2
 33
 40
 42
 15
 13
 32
 24
 13
 13
 11
 24
 47
 23
 15
 37
 16
 39
 15
 32
 9
 27
 22
 14
 42
 45
 7
 38
 2
 22
 2
 33
 49
 14
 17
 14
 49
 19
 36
 32
 23
 41
 43
 32
 41
 35
 41
 43
 19
 16
 33
 39
 34
 30
 28
 20
 3
 40
 2
 14
 31
 38
 20
 16
 30
 14
 40
 5
 29
 29
 14
 25
 5
 49
 14
 2
 3
 8
 39
 15
 43
 50
 48
 47
 37
 6
 33
 15
 42
 6
 29
 16
 19
 13
 44
 44
 40
 34
 31
 37
 20
 31
 29
 44
 47
 36
 12
 48
 13
 46
 7
 20
 17
 31
 19
 42
 21
 41
 6
 24
 29
 43
 9
 24
 14
 43
 22
 49
 41
 18
 4
 8
 19
 15
 20
 38
 5
 2
 49
 46
 43
 38
 38
 19
 32
 11
 23
 23
 8
 35
 33
 36
 26
 20
 14
 46
 16
 15
 33
 20
 45
 23
 34
 32
 20
 33
 9
 32
 33
 42
 6
 50
 42
 45
 17
 44
 47
 48
 48
 8
 24
 23
 33
 26
 3
 9
 20
 42
 29
 8
 11
 41
 47
 37
 21
 43
 28
 44
 38
 25
 40
 49
 24
 27
 40
 27
 41
 14
 5
 9
 6
 14
 25
 9
 35
 16
 43
 29
 16
 8
 2
 19
 7
 16
 20
 5
 31
 30
 13
 46
 34
 37
 32
 31
 42
 16
 31
 46
 39
 23
 30
 35
 40
 38
 9
 9
 20
 20
 20
 33
 42
 11
 44
 7
 44
 14
 4
 25
 18
 8
 13
 26
 10
 13
 15
 3
 12
 28
 22
 19
 25
 9
 23
 21
 3
 27
 44
 4
 36
 18
 22
 7
 41
 47
 40
 23
 28
 38
 39
 3
 42
 13
 30
 49
 45
 3
 26
 28
 38
 47
 12
 20
 4
 9
 33
 1
 45
 38
 45
 25
 21
 46
 8
 33
 41
 14
 25
 39
 2
 32
 48
 3
 29
 23
 47
 26
 28
 38
 42
 12
 32
 12
 36
 28
 31
 22
 37
 31
 15
 39
 20
 42
 49
 48
 5
 9
 6
 40
 21
 44
 27
 40
 42
 20
 34
 29
 20
 47
 20
 36
 21
 48
 24
 3
 37
 28
 18
 28
 37
 18
 13
 17
 38
 44
 36
 10
 7
 36
 6
 21
 48
 40
 36
 20
 21
 49
 12
 37
 36
 47
 10
 18
 20
 4
 46
 14
 32
 22
 21
 35
 2
 18
 23
 11
 50
 40
 23
 34
 44
 13
 40
 23
 7
 36
 21
 14
 4
 9
 28
 3
 22
 29
 47
 21
 6
 12
 8
 33
 15
 21
 32
 37
 24
 37
 26
 1
 20
 22
 40
 26
 44
 6
 34
 45
 49
 40
 18
 43
 17
 11
 18
 39
 19
 15
 8
 22
 25
 32
 9
 12
 23
 32
 47
 29
 33
 50
 46
 16
 29
 18
 28
 9
 7
 38
 17
 31
 35
 35
 47
 17
 50
 43
 12
 23
 8
 44
 28
 5
 30
 38
 33
 24
 3
 22
 20
 41
 19
 16
 24
 34
 38
 7
 21
 37
 14
 3
 30
 43
 14
 33
 44
 44
 25
 48
 12
 6
 3
 1
 3
 32
 16
 44
 43
 22
 4
 5
 21
 25
 44
 44
 7
 30
 2
 43
 2
 22
 2
 13
 43
 3
 7
 23
 20
 6
 46
 5
 43
 3
 18
 43
 34
 4
 16
 23
 16
 11
 41
 11
 31
 45
 21
 45
 48
 36
 45
 43
 10
 7
 13
 46
 46
 19
 31
 41
 16
 47
 11
 28
 5
 31
 33
 13
 24
 46
 44
 17
 12
 47
 34
 20
 41
 17
 25
 49
 29
 16
 42
 22
 5
 7
 22
 12
 10
 1
 48
 50
 20
 18
 12
 29
 18
 38
 10
 5
 10
 37
 21
 26
 47
 32
 46
 34
 16
 33
 14
 36
 28
 12
 9
 7
 48
 12
 33
 1
 29
 7
 48
 36
 11
 25
 48
 22
 46
 46
 5
 15
 17
 36
 36
 45
 24
 2
 38
 20
 7
 9
 2
 39
 47
 46
 32
 35
 2
 42
 29
 30
 36
 42
 41
 15
 19
 12
 43
 14
 21
 24
 29
 27
 4
 43
 31
 29
 21
 47
 41
 37
 36
 18
 46
 22
 37
 28
 31
 40
 39
 48
 27
 30
 17
 27
 38
 23
 34
 7
 41
 29
 24
 49
 40
 3
 1
 2
 28
 44
 30
 43
 21
 36
 30
 2
 12
 2
 19
 28
 4
 22
 29
 24
 40
 6
 25
 38
 6
 48
 19
 34
 33
 50
 41
 11
 40
 28
 38
 49
 10
 21
 39
 41
 17
 33
 11
 22
 7
 1
 31
 28
 7
 29
 29
 8
 16
 43
 6
 14
 22
 36
 11
 23
 25
 6
 19
 37
 14
 35
 47
 36
 10
 13
 38
 17
 45
 16
 2
 31
 22
 33
 38
 36
 22
 4
 41
 48
 10
 37
 3
 4
 36
 3
 4
 19
 6
 19
 21
 2
 27
 40
 35
 3
 43
 46
 3
 40
 4
 2
 33
 41
 26
 48
 35
 49
 37
 21
 8
 8
 48
 10
 2
 36
 20
 9
 4
 13
 45
 16
 16
 49
 2
 15
 25
 46
 10
 35
 48
 4
 19
 33
 7
 8
 30
 34
 13
 49
 40
 27
 48
 17
 19
 33
 30
 13
 45
 40
 14
 24
 36
 9
 39
 14
