# Created by Octave 4.0.0, Mon Oct 05 21:11:45 2015 India Standard Time <unknown@KINvarma>
# name: X_5
# type: matrix
# rows: 14273
# columns: 1
 40
 53
 189
 40
 40
 321
 49
 56
 45
 127
 54
 40
 65
 78
 108
 40
 54
 49
 93
 68
 40
 236
 40
 40
 40
 171
 276
 40
 40
 76
 94
 40
 71
 56
 370
 407
 144
 40
 62
 110
 40
 86
 65
 40
 118
 40
 101
 45
 64
 76
 117
 128
 205
 44
 40
 45
 155
 43
 40
 69
 48
 60
 322
 275
 40
 55
 85
 2316
 62
 74
 256
 40
 56
 416
 96
 40
 40
 246
 174
 40
 170
 173
 65
 522
 127
 40
 373
 196
 42
 202
 44
 40
 210
 40
 65
 55
 40
 40
 219
 285
 40
 40
 231
 64
 272
 40
 50
 405
 79
 929
 67
 48
 40
 50
 124
 165
 71
 40
 210
 99
 66
 100
 52
 75
 325
 118
 65
 51
 7858
 200
 4797
 85
 40
 40
 40
 40
 40
 518
 2065
 236
 124
 70
 490
 40
 153
 269
 40
 40
 40
 492
 102
 118
 359
 116
 40
 40
 69
 51
 57
 40
 110
 40
 106
 40
 869
 40
 84
 379
 54
 71
 130
 149
 40
 40
 49
 40
 81
 133
 422
 82
 52
 166
 351
 49
 52
 227
 120
 40
 232
 79
 56
 779
 40
 40
 40
 194
 40
 589
 858
 433
 40
 43
 40
 109
 40
 44
 40
 350
 754
 99
 238
 53
 48
 75
 48
 40
 40
 96
 40
 172
 40
 105
 40
 47
 1733
 83
 220
 660
 40
 105
 123
 382
 173
 297
 102
 48
 40
 40
 72
 40
 51
 40
 84
 2200
 40
 173
 105
 40
 537
 101
 235
 40
 40
 46
 178
 82
 102
 95
 61
 40
 172
 40
 128
 40
 76
 282
 40
 632
 93
 65
 141
 94
 106
 199
 357
 77
 49
 42
 40
 45
 40
 60
 100
 140
 49
 74
 70
 76
 453
 40
 67
 74
 40
 170
 103
 158
 52
 106
 474
 97
 44
 124
 217
 71
 383
 201
 40
 115
 40
 40
 80
 40
 108
 99
 59
 40
 150
 184
 128
 64
 48
 58
 93
 40
 112
 100
 40
 40
 61
 98
 286
 387
 107
 99
 174
 53
 40
 58
 223
 353
 200
 40
 40
 310
 95
 443
 40
 111
 97
 113
 53
 239
 164
 159
 446
 78
 40
 40
 44
 49
 45
 40
 40
 40
 40
 56
 373
 103
 40
 44
 40
 40
 332
 116
 560
 40
 192
 46
 40
 47
 195
 40
 79
 40
 133
 40
 613
 143
 40
 40
 103
 630
 40
 40
 42
 40
 13512
 40
 179
 99
 271
 155
 40
 40
 138
 273
 40
 94
 71
 285
 346
 40
 162
 383
 67
 113
 140
 553
 40
 153
 298
 504
 40
 81
 40
 73
 173
 98
 128
 139
 40
 40
 40
 46
 40
 40
 246
 176
 98
 53
 67
 172
 95
 40
 101
 51
 109
 65
 481
 389
 90
 53
 40
 40
 67
 51
 243
 288
 40
 517
 40
 59
 156
 73
 45
 350
 64
 40
 294
 102
 97
 49
 174
 208
 62
 56
 98
 40
 40
 83
 66
 91
 40
 121
 301
 40
 40
 242
 181
 45
 40
 113
 285
 40
 40
 40
 40
 491
 369
 40
 40
 48
 53
 307
 110
 54
 40
 544
 40
 84
 82
 89
 68
 40
 116
 52
 118
 40
 40
 40
 40
 45
 97
 634
 103
 669
 91
 40
 268
 70
 76
 40
 58
 216
 40
 40
 58
 40
 144
 58
 40
 274
 122
 47
 40
 202
 244
 209
 51
 85
 40
 79
 40
 203
 757
 314
 52
 44
 69
 40
 50
 339
 40
 99
 40
 173
 258
 40
 365
 120
 162
 450
 40
 40
 210
 231
 127
 40
 69
 65
 40
 40
 57
 40
 154
 40
 54
 61
 60
 40
 172
 73
 432
 114
 71
 77
 79
 62
 40
 328
 84
 227
 48
 66
 298
 230
 40
 40
 40
 85
 58
 154
 40
 129
 651
 462
 40
 363
 427
 232
 64
 46
 43
 44
 57
 466
 40
 40
 40
 83
 98
 40
 40
 982
 40
 42
 117
 258
 40
 44
 40
 52
 40
 40
 48
 124
 40
 280
 412
 83
 40
 40
 40
 106
 218
 41
 157
 40
 40
 40
 40
 311
 249
 62
 56
 40
 139
 49
 49
 126
 132
 214
 58
 97
 40
 106
 394
 40
 165
 186
 57
 40
 98
 60
 40
 78
 69
 844
 157
 49
 231
 123
 164
 265
 101
 40
 40
 65
 40
 426
 285
 40
 40
 315
 47
 46
 54
 118
 75
 40
 43
 120
 40
 343
 116
 40
 147
 148
 314
 234
 82
 101
 201
 110
 47
 40
 716
 48
 40
 40
 76
 54
 44
 184
 40
 150
 40
 364
 73
 40
 77
 59
 122
 40
 70
 57
 40
 185
 352
 493
 40
 40
 40
 40
 172
 40
 40
 40
 68
 69
 111
 129
 40
 62
 40
 55
 128
 68
 40
 76
 40
 40
 40
 98
 40
 88
 60
 40
 40
 48
 40
 178
 248
 40
 358
 270
 40
 215
 41
 46
 40
 335
 150
 40
 698
 40
 105
 82
 44
 136
 8168
 654
 263
 187
 68
 40
 54
 120
 40
 40
 118
 143
 57
 89
 61
 208
 263
 40
 60
 267
 55
 147
 292
 40
 40
 73
 40
 535
 40
 111
 40
 40
 271
 40
 40
 122
 40
 40
 98
 40
 40
 40
 40
 48
 40
 58
 58
 40
 160
 49
 45
 44
 82
 276
 479
 75
 40
 173
 40
 49
 67
 178
 48
 57
 40
 40
 40
 40
 139
 93
 40
 896
 600
 43
 40
 40
 194
 40
 40
 242
 101
 69
 60
 40
 40
 347
 623
 53
 79
 194
 53
 43
 216
 71
 122
 40
 40
 40
 40
 40
 81
 88
 48
 40
 902
 107
 53
 40
 50
 442
 148
 40
 84
 569
 990
 40
 52
 115
 447
 352
 286
 80
 40
 66
 49
 40
 165
 40
 118
 87
 85
 169
 308
 103
 70
 112
 78
 43
 57
 80
 55
 134
 40
 56
 47
 65
 181
 40
 317
 323
 49
 214
 56
 154
 40
 173
 484
 169
 49
 69
 40
 52
 40
 74
 69
 110
 43
 46
 69
 85
 234
 127
 229
 58
 247
 940
 44
 90
 67
 203
 40
 115
 40
 50
 61
 103
 156
 40
 40
 40
 40
 98
 40
 113
 47
 78
 179
 40
 79
 43
 45
 216
 179
 349
 257
 40
 40
 95
 40
 60
 448
 59
 107
 81
 62
 259
 40
 53
 67
 40
 73
 135
 93
 40
 40
 166
 58
 674
 55
 58
 40
 62
 58
 102
 85
 1031
 40
 122
 62
 40
 99
 40
 60
 40
 95
 105
 58
 40
 333
 354
 253
 229
 40
 455
 228
 62
 40
 86
 40
 51
 1506
 263
 84
 168
 92
 40
 40
 124
 61
 91
 53
 174
 417
 390
 128
 40
 62
 562
 85
 40
 1085
 40
 40
 40
 40
 117
 284
 40
 75
 133
 267
 40
 40
 57
 40
 154
 127
 40
 40
 49
 47
 114
 100
 109
 68
 48
 271
 74
 67
 40
 40
 125
 57
 40
 55
 40
 203
 40
 40
 40
 1158
 54
 109
 42
 362
 40
 40
 62
 504
 40
 40
 52
 55
 40
 111
 40
 53
 119
 40
 53
 83
 40
 260
 40
 40
 515
 40
 75
 62
 960
 211
 40
 188
 40
 424
 639
 167
 50
 40
 78
 40
 40
 647
 68
 1020
 40
 48
 209
 594
 60
 94
 40
 52
 40
 47
 103
 150
 124
 40
 211
 145
 660
 77
 68
 40
 40
 80
 124
 155
 48
 345
 40
 467
 257
 78
 104
 56
 557
 40
 47
 40
 40
 780
 176
 81
 389
 239
 92
 91
 40
 40
 40
 92
 94
 139
 119
 125
 40
 187
 40
 156
 58
 337
 375
 40
 40
 40
 42
 139
 239
 40
 829
 317
 64
 104
 40
 40
 140
 85
 131
 40
 54
 65
 40
 56
 91
 40
 76
 130
 75
 40
 123
 332
 40
 40
 66
 417
 115
 40
 605
 88
 98
 380
 41
 52
 46
 140
 53
 119
 70
 81
 339
 40
 40
 40
 110
 195
 64
 40
 48
 73
 54
 333
 46
 86
 40
 61
 40
 203
 60
 40
 184
 40
 976
 40
 40
 95
 594
 1147
 100
 480
 236
 2894
 40
 388
 40
 40
 46
 122
 40
 111
 194
 40
 158
 204
 40
 40
 182
 102
 236
 53
 150
 40
 105
 139
 40
 721
 40
 40
 40
 57
 40
 40
 81
 385
 40
 993
 67
 113
 241
 40
 67
 47
 90
 40
 60
 76
 82
 40
 351
 40
 144
 40
 40
 59
 40
 590
 40
 40
 40
 40
 834
 40
 140
 40
 47
 40
 139
 40
 40
 40
 40
 121
 69
 83
 157
 40
 43
 40
 40
 40
 89
 72
 40
 101
 59
 40
 65
 40
 552
 43
 225
 75
 45
 1589
 455
 40
 71
 40
 84
 76
 44
 40
 301
 98
 64
 40
 288
 40
 40
 360
 235
 1071
 40
 52
 81
 40
 40
 89
 190
 96
 40
 75
 40
 119
 152
 40
 40
 545
 100
 40
 40
 40
 45
 379
 49
 111
 78
 108
 90
 40
 338
 48
 663
 116
 103
 456
 51
 48
 51
 49
 197
 51
 40
 133
 56
 40
 54
 130
 40
 111
 52
 40
 100
 123
 50
 226
 101
 40
 65
 103
 40
 176
 206
 89
 52
 354
 73
 138
 47
 74
 143
 162
 40
 185
 61
 40
 74
 515
 154
 67
 40
 44
 40
 153
 1601
 47
 117
 40
 78
 317
 40
 125
 40
 121
 40
 49
 548
 40
 357
 223
 200
 165
 55
 115
 40
 102
 61
 40
 40
 186
 52
 54
 57
 40
 696
 239
 65
 489
 380
 503
 287
 40
 60
 86
 40
 79
 81
 41
 40
 40
 151
 40
 448
 170
 67
 66
 40
 40
 40
 40
 71
 40
 40
 75
 501
 40
 106
 75
 223
 52
 648
 52
 40
 40
 40
 396
 575
 40
 363
 40
 159
 40
 55
 101
 275
 571
 63
 40
 40
 180
 77
 60
 40
 121
 101
 40
 729
 319
 54
 40
 40
 69
 232
 204
 80
 107
 222
 127
 40
 50
 168
 40
 101
 40
 40
 42
 66
 292
 40
 40
 223
 135
 55
 125
 56
 40
 474
 74
 91
 229
 70
 40
 40
 40
 40
 59
 128
 50
 40
 176
 52
 370
 243
 80
 40
 362
 40
 45
 40
 93
 40
 55
 235
 79
 125
 40
 40
 40
 70
 161
 217
 174
 228
 357
 414
 104
 40
 65
 96
 40
 40
 266
 305
 40
 76
 483
 64
 183
 40
 66
 40
 245
 99
 43
 72
 65
 197
 40
 59
 70
 40
 399
 151
 48
 65
 40
 40
 104
 344
 40
 127
 110
 40
 40
 155
 122
 138
 40
 93
 92
 40
 40
 613
 846
 106
 40
 44
 284
 67
 58
 40
 42
 172
 91
 178
 189
 153
 40
 117
 65
 254
 48
 137
 438
 375
 40
 66
 66
 40
 465
 40
 784
 40
 40
 40
 421
 1585
 40
 40
 263
 40
 40
 72
 40
 40
 40
 343
 465
 203
 40
 59
 46
 40
 41
 107
 373
 197
 200
 86
 52
 43
 56
 50
 301
 40
 40
 81
 215
 58
 267
 243
 40
 40
 1361
 40
 40
 40
 247
 40
 55
 343
 40
 40
 40
 46
 40
 40
 42
 84
 326
