# Created by Octave 4.0.0, Mon Oct 05 21:12:54 2015 India Standard Time <unknown@KINvarma>
# name: X_6
# type: matrix
# rows: 14273
# columns: 1
 217
 144
 517
 792
 100
 486
 563
 451
 249
 614
 216
 309
 122
 194
 479
 324
 295
 165
 150
 176
 117
 1425
 118
 196
 100
 394
 800
 133
 305
 368
 429
 362
 199
 145
 405
 403
 458
 212
 261
 249
 454
 360
 141
 189
 576
 100
 177
 102
 266
 198
 121
 338
 604
 106
 100
 191
 1170
 295
 110
 369
 241
 941
 489
 422
 110
 347
 298
 908
 233
 229
 195
 498
 213
 271
 168
 118
 133
 194
 247
 160
 1734
 356
 408
 360
 140
 179
 1271
 318
 186
 249
 308
 3257
 578
 156
 843
 181
 104
 256
 455
 258
 256
 118
 193
 140
 353
 380
 213
 920
 751
 453
 243
 149
 113
 334
 377
 859
 1013
 122
 511
 460
 235
 250
 153
 136
 283
 225
 494
 303
 975
 961
 2264
 157
 492
 140
 165
 118
 184
 521
 2598
 248
 359
 149
 488
 297
 183
 162
 220
 288
 107
 584
 303
 316
 115
 191
 291
 333
 201
 255
 243
 100
 786
 1276
 684
 165
 1282
 255
 338
 314
 121
 667
 182
 520
 135
 173
 175
 207
 308
 433
 265
 223
 104
 299
 359
 189
 101
 362
 116
 100
 578
 370
 229
 457
 114
 180
 115
 359
 100
 636
 1390
 489
 100
 100
 528
 251
 124
 160
 372
 920
 501
 132
 243
 245
 107
 471
 419
 113
 151
 336
 115
 323
 102
 496
 100
 203
 2238
 215
 504
 111
 199
 262
 174
 329
 243
 264
 400
 133
 100
 147
 307
 379
 267
 357
 227
 876
 178
 111
 559
 195
 343
 729
 176
 136
 381
 104
 357
 1134
 173
 389
 326
 142
 307
 202
 1346
 490
 195
 875
 100
 254
 242
 120
 111
 631
 382
 266
 1041
 173
 293
 153
 109
 225
 129
 260
 274
 253
 212
 107
 280
 193
 2008
 125
 134
 195
 132
 260
 1386
 374
 451
 797
 1761
 297
 154
 159
 394
 125
 315
 182
 180
 252
 100
 190
 197
 107
 463
 203
 124
 352
 795
 253
 599
 237
 133
 191
 195
 272
 189
 214
 112
 113
 223
 442
 111
 582
 389
 342
 361
 207
 111
 223
 364
 577
 350
 150
 141
 438
 350
 466
 100
 165
 673
 443
 113
 387
 835
 186
 1010
 105
 637
 112
 119
 226
 109
 143
 211
 100
 126
 124
 450
 170
 237
 118
 1362
 210
 558
 113
 887
 154
 391
 106
 162
 101
 595
 176
 484
 100
 340
 119
 213
 500
 112
 120
 116
 105
 161
 104
 119
 101
 1334
 106
 295
 226
 344
 377
 100
 1076
 148
 798
 113
 192
 262
 211
 635
 100
 148
 268
 295
 239
 205
 496
 1332
 573
 370
 318
 114
 272
 309
 171
 444
 398
 158
 590
 103
 106
 200
 123
 128
 337
 677
 597
 503
 194
 155
 1157
 112
 108
 143
 345
 488
 510
 139
 431
 132
 175
 234
 167
 499
 341
 459
 434
 120
 465
 100
 151
 384
 157
 158
 146
 128
 252
 382
 387
 227
 171
 275
 655
 200
 259
 960
 448
 126
 185
 136
 283
 102
 416
 387
 126
 703
 192
 211
 707
 133
 308
 333
 100
 234
 104
 100
 742
 1098
 100
 113
 949
 350
 3824
 405
 171
 101
 703
 131
 331
 174
 237
 284
 105
 374
 129
 329
 154
 123
 425
 117
 258
 180
 192
 469
 716
 279
 154
 932
 110
 930
 164
 160
 1437
 326
 140
 179
 232
 177
 229
 100
 213
 530
 129
 5460
 1170
 287
 5350
 136
 111
 112
 1543
 179
 1489
 846
 497
 324
 175
 1279
 275
 214
 311
 169
 306
 183
 610
 1018
 1591
 543
 212
 200
 212
 187
 117
 280
 225
 194
 167
 201
 171
 164
 424
 188
 306
 347
 325
 152
 355
 123
 307
 527
 360
 2853
 271
 617
 1437
 126
 256
 106
 447
 677
 372
 125
 113
 258
 532
 106
 213
 128
 242
 354
 200
 115
 201
 912
 362
 258
 299
 319
 825
 204
 1653
 225
 121
 245
 225
 100
 104
 184
 627
 119
 112
 151
 2304
 164
 222
 145
 898
 176
 197
 364
 162
 196
 109
 113
 166
 114
 135
 397
 133
 112
 304
 135
 116
 370
 378
 715
 140
 122
 100
 107
 706
 1926
 489
 229
 171
 106
 215
 160
 229
 143
 193
 474
 537
 134
 383
 664
 122
 278
 591
 180
 143
 1066
 265
 112
 276
 268
 141
 513
 206
 192
 289
 234
 2877
 270
 103
 258
 211
 137
 196
 4875
 180
 133
 651
 112
 476
 113
 623
 190
 107
 243
 288
 115
 358
 181
 115
 474
 630
 183
 484
 150
 250
 302
 182
 168
 178
 946
 122
 150
 138
 119
 649
 140
 274
 122
 363
 111
 238
 406
 438
 410
 222
 460
 176
 158
 142
 100
 333
 295
 584
 104
 100
 120
 151
 288
 100
 100
 207
 165
 159
 214
 591
 120
 833
 106
 769
 103
 152
 107
 131
 154
 107
 134
 142
 259
 674
 142
 125
 122
 120
 100
 569
 385
 123
 626
 706
 547
 123
 106
 154
 548
 383
 701
 116
 762
 211
 328
 729
 343
 282
 1164
 327
 282
 639
 144
 237
 159
 347
 116
 222
 357
 322
 137
 250
 106
 466
 412
 174
 189
 740
 128
 171
 223
 144
 107
 161
 108
 347
 100
 338
 131
 241
 422
 230
 100
 901
 277
 499
 317
 100
 173
 123
 100
 374
 2046
 148
 1444
 152
 259
 105
 102
 358
 3122
 157
 433
 322
 165
 438
 147
 194
 311
 147
 120
 123
 147
 294
 340
 574
 297
 440
 154
 274
 753
 148
 124
 111
 222
 100
 258
 143
 737
 546
 128
 187
 183
 655
 291
 559
 123
 119
 299
 351
 196
 111
 176
 141
 108
 199
 153
 305
 201
 110
 261
 342
 821
 273
 106
 114
 135
 323
 315
 280
 442
 795
 310
 728
 100
 1956
 129
 783
 361
 183
 188
 179
 454
 434
 192
 100
 478
 212
 248
 307
 644
 714
 111
 366
 322
 138
 701
 180
 175
 145
 105
 236
 706
 112
 435
 139
 386
 863
 131
 516
 196
 200
 161
 194
 1354
 221
 153
 167
 131
 131
 143
 240
 185
 176
 147
 100
 354
 670
 229
 485
 353
 125
 876
 317
 161
 290
 153
 434
 101
 307
 114
 123
 797
 155
 450
 189
 170
 235
 118
 120
 360
 186
 160
 583
 627
 202
 157
 143
 101
 317
 153
 518
 651
 143
 169
 314
 124
 339
 715
 160
 344
 805
 110
 240
 193
 118
 164
 107
 393
 195
 215
 140
 131
 239
 151
 689
 791
 125
 160
 103
 182
 127
 1019
 566
 161
 1050
 471
 182
 214
 100
 403
 341
 127
 253
 371
 108
 386
 160
 389
 447
 166
 1127
 392
 140
 255
 409
 105
 188
 4858
 168
 285
 151
 455
 139
 100
 125
 117
 207
 340
 255
 635
 169
 224
 213
 123
 191
 186
 100
 501
 125
 125
 171
 382
 353
 386
 122
 336
 228
 248
 292
 571
 142
 146
 183
 223
 192
 165
 396
 215
 252
 292
 206
 1441
 121
 1911
 152
 360
 100
 100
 1050
 313
 930
 818
 289
 230
 208
 101
 439
 521
 178
 601
 113
 877
 140
 100
 212
 295
 112
 110
 129
 141
 133
 351
 184
 284
 222
 100
 128
 550
 105
 427
 452
 178
 415
 110
 222
 375
 356
 420
 188
 704
 187
 366
 997
 276
 195
 100
 273
 100
 111
 434
 139
 1826
 100
 278
 238
 129
 378
 703
 157
 291
 249
 100
 199
 442
 1146
 110
 369
 804
 124
 437
 176
 104
 201
 327
 324
 500
 630
 202
 381
 1059
 270
 183
 238
 264
 611
 221
 169
 228
 100
 2170
 338
 449
 223
 365
 355
 211
 150
 109
 140
 1336
 388
 126
 597
 333
 189
 218
 168
 462
 190
 113
 528
 449
 153
 106
 101
 291
 1060
 120
 1186
 134
 179
 225
 105
 151
 192
 377
 276
 244
 1192
 121
 100
 122
 102
 105
 301
 120
 282
 146
 407
 262
 276
 496
 235
 5010
 721
 135
 544
 543
 313
 232
 325
 614
 115
 258
 145
 263
 291
 133
 289
 157
 117
 156
 436
 264
 118
 100
 217
 175
 137
 433
 172
 372
 689
 135
 100
 597
 105
 1506
 254
 200
 559
 102
 116
 392
 342
 384
 339
 483
 111
 2022
 314
 828
 137
 106
 118
 446
 149
 347
 136
 146
 463
 437
 126
 100
 163
 132
 236
 186
 302
 108
 266
 313
 100
 722
 154
 164
 122
 188
 195
 205
 540
 184
 135
 453
 703
 184
 366
 110
 180
 154
 177
 126
 203
 285
 174
 100
 8977
 323
 112
 147
 135
 154
 212
 548
 135
 121
 207
 101
 1253
 214
 602
 123
 364
 221
 175
 198
 188
 109
 118
 119
 131
 413
 135
 115
 404
 475
 179
 132
 454
 126
 103
 188
 393
 126
 149
 105
 13424
 105
 458
 118
 122
 883
 2029
 100
 152
 105
 1085
 168
 247
 124
 1539
 325
 155
 100
 159
 115
 1276
 541
 495
 533
 150
 347
 140
 113
 157
 167
 695
 156
 126
 348
 100
 742
 177
 104
 125
 419
 269
 108
 148
 129
 110
 804
 207
 387
 530
 320
 420
 140
 737
 161
 248
 424
 204
 796
 118
 199
 401
 138
 306
 568
 109
 161
 1059
 109
 139
 129
 157
 13703
 276
 319
 237
 133
 178
 1003
 193
 101
 170
 210
 100
 416
 509
 161
 136
 177
 249
 189
 152
 296
 372
 1057
 100
 351
 246
 117
 261
 990
 395
 317
 100
 427
 103
 476
 1364
 262
 112
 296
 301
 494
 438
 190
 204
 1861
 100
 128
 109
 103
 197
 256
 221
 465
 119
 156
 139
 118
 189
 103
 465
 788
 165
 239
 118
 100
 856
 248
 218
 494
 302
 388
 216
 105
 2690
 324
 118
 852
 105
 265
 111
 102
 176
 100
 314
 281
 186
 292
 106
 117
 106
 103
 119
 380
 308
