# Created by Octave 4.0.0, Wed Oct 07 06:57:46 2015 India Standard Time <unknown@KINvarma>
# name: Theta1
# type: matrix
# rows: 68
# columns: 28
 0.02470475260190975 0.100817094865914 0.1793396061452503 -0.08055699872869332 -0.1045329409550994 -0.009645105408762957 0.00118953035368424 -0.03752860365031099 0.05973648989667607 -0.07264189613308854 9.271790675113751e-005 -0.02919103260302354 0.1008206769163649 0.002867633074974664 -0.008082737421815242 0.1384225491776789 -0.01127255128361669 0.08258961087614716 -0.01794468853570182 0.05239656855359408 -0.006850931450893159 -0.0144569952274934 0.02442813995174862 -0.02499110201815269 0.1090902307717113 -0.01306303252308531 0.1885854621691767 -0.05532682818281819
 -0.020763925843729 -0.05661580704482918 -0.05150679762380912 -0.01395609602583213 -0.08972905628005381 0.01572828887308438 -0.09126662053836941 -0.04409213306090309 -0.02827629276226695 -0.003196488194457303 0.001123480113266269 -0.07470959197159953 0.01631350861133183 0.04186745342502411 0.04754750055398664 0.07583704822989699 0.05541848415544387 0.0936557797177837 0.09074864660152501 -0.02116435319555251 -0.002598653487315448 0.08253382220685977 -0.08717564775846193 -0.02009841726721917 -0.0720915557731424 -0.06419496048727111 0.08055548410267115 0.04986636611959247
 -0.04340532152386219 -0.05340601224017988 0.2988995768014677 0.002797913101824239 0.02487290141827609 0.05085085284466649 -0.09806868676061951 -0.0891631293542038 -0.00518911388757897 0.00148208863885418 0.001913329642833235 -0.07515961726644296 0.02747766208779319 -0.02669421049411178 0.02292677418355645 -0.0001354286121641758 0.01502275291896825 -0.07940682120230295 0.07287764593265356 -0.01547647365478766 0.07163184799980073 -0.08828211733897073 0.04470055036332857 0.1026803127374726 0.0564687404654343 0.003187290571929658 -0.0754356910486523 -0.08727538501059809
 0.3235866503500278 -2.424921117880172 3.270324427213097e-005 -8.928113639373161e-005 0.0001501556638284162 9.020543567924012e-005 3.831139737190883e-005 0.000521649128686387 -0.0008829358481570081 0.004183533332316138 0.000344498256150618 0.009880155108440944 -0.005042900956358226 0.0004534507187878558 0.09447796551698504 0.1514664261718827 0.06156464408659248 0.006244926351509775 0.08737052973321792 0.007346348110536066 0.1428126110948023 0.1044155664921071 0.2008020907626455 -0.08560854870698875 0.3760598618594418 0.2909699673214133 -0.1494291139181517 0.05574883906440146
 -0.1101968319489993 0.02474607923333365 -0.07900371629953153 -0.007702458376688599 -0.0674812240374799 0.1260769235587198 -0.1015908349019916 -0.1311293649325673 0.08958139911170239 -0.08012118941165493 0.04136976090394424 -0.02822822115466847 -0.0342745967170534 -0.05205722429319211 -0.009536263691369087 -0.06044199099070358 -0.006852795822880146 -0.006414061828103891 -0.09983697660699899 -0.06064704565966975 0.07542557740982529 0.02044224075023131 0.01604240700731954 0.03211482621832362 0.005976618876145861 -0.07423225783230473 -0.07955291285098423 0.09919984818735465
 0.04024523990310316 -0.03538987792200829 0.03853144302179696 -0.01534317747437148 0.09750531328926007 0.06497840368918104 0.04390608741424212 0.09058627129428343 0.09446795795096583 0.0927800151751942 0.09229298966138043 0.05244430736816298 0.08084310476452984 0.02861797468665105 -0.02125460313188021 0.1012256673243531 0.06541212579644265 -0.007151634112978897 0.05875422671661432 0.09332637405267119 0.07350426506069833 0.05571306026726314 -0.004986262895373499 -0.03355737852945157 0.01493920080085774 0.1009511336742569 -0.07320379941107541 -0.006441084884629539
 -0.04822673816137674 0.1549420757824215 0.008052356360770962 0.0556642814420523 -0.1979531714661066 0.04451257031743829 0.008970137824384437 0.01943313261182277 0.05354225597610977 -0.07397403982063878 -0.01603145275996816 -0.01446916866562018 0.06196616018814812 0.03161395991801946 0.1140355719560174 0.05465081162479389 0.07458005685312238 0.02114043969498841 0.1070151540595156 -0.005371300682011146 0.08221149154436383 -0.007022420621463191 -0.009194222952242672 0.04122065443002744 0.03389971156240524 0.09434688209763191 0.222566649720418 -0.207037964685075
 0.04466162904451104 0.06124535830668729 -0.04519045280501781 0.006444865099317336 -0.05919470810256423 -0.1150829686281975 0.1264901103646641 0.06593130152891752 -0.07207496637379307 -0.003968117474945039 -0.005709092392315398 0.05076696639992401 0.06607256004739652 0.01708381954003746 0.07201030466498065 -0.04789117314102652 -0.08921605375894155 -0.0520546556061293 0.06813978735935369 0.08591916816428315 -0.07992571407971051 -0.02200745337334771 0.03930730970584441 -0.1013730631067847 -0.0106777167889676 -0.07200622137435021 0.1317085593520271 -0.1155959959085346
 -0.01752486584545036 0.2559947506738454 0.2487581335540185 -0.05009418658249892 0.08599876693481881 -0.1425197945211071 0.0006695901602285204 0.06012515481729881 0.0172076273032885 0.06780896238124205 -0.006579954269290231 0.07985904023796518 0.07976977102792042 0.03699464429365576 0.0675742099042724 -0.03839495475466961 0.07010644574206744 -0.02605097648269093 -0.03893950739887593 0.00694517106337779 -0.05873843911851875 0.05352701753719531 0.07581803140788275 0.06147363474643604 -0.0237654321836657 -0.09968688999718055 0.09547401687531851 0.2156809622513028
 -0.1364871729787892 0.01169743581258148 0.0004391670332970156 -0.006314223505570414 -0.003670204063933757 0.01975008946766422 0.01177678755074688 0.05666652876572816 -0.007133143544816619 0.09862070751475495 0.003531713668755565 -0.04110672762202152 -0.1110902317801012 -0.002303289206053443 0.02004764673397475 0.008976345639992932 -0.06090324697721021 -0.04882969537020537 -0.09655956701165373 -0.02657706413297343 -0.0681791939107831 -0.05802430343510658 -0.01725992688291543 -0.09866423420322565 -0.127875414983021 0.04216392938154952 0.0262217324746711 0.102129270572953
 -0.1178923533241807 -0.02606468997945758 0.0328725850506277 0.03795248191186923 0.0025920837988126 0.01047615688108838 0.08458282785107715 -0.02709305988790534 -0.08111525251620352 0.04321958400207023 0.09203832052417499 0.05729877701506975 -0.05831419513127361 0.06519822402602515 -0.02765796830449176 -0.04111850819811124 -0.05511820429543728 0.09655777575443759 -0.05343669055466769 -0.02458267049928745 0.09275501679983632 -0.03026217052276461 0.01077964848928827 -0.05644728273675895 0.01413691631792903 0.08343022242836498 0.10033491858918 -0.06213879048074438
 0.1104394130217913 0.06933044708125705 -0.05002448128296222 0.06178454280471909 0.09523390921102874 0.06045039971462649 0.1059470921763529 -0.05345375558571774 -0.06354853584313942 0.02219186325146695 -0.005645983803378649 -0.008927659614253063 0.08796052317779279 0.09209254495465077 -0.07595218256414811 -0.07006797459047204 0.09696961763957457 0.07322376199998468 -0.03472114943297552 0.1090471228460972 0.01852336062962015 0.03265502839321594 -0.09477735888973203 -0.05509858504721792 -0.04919061482446387 0.03634018397274755 -0.02681153852824109 -0.06463029879972131
 -0.06766342652794674 0.1073606736027386 0.002289516662418952 0.1156157103147124 -0.01238969861516676 -0.1092009431486611 -0.1429849602662985 0.01169128854182401 -0.05486144208590331 -0.09102513298258109 0.08400524067787624 0.07180266259605241 -0.08394862135969115 0.0128207361376898 -0.1001686164247229 -0.03331521419420783 0.0168835038069205 -0.04213036000779995 0.003829825853112643 -0.07969347468751663 0.03482984753434352 -0.0728285854028362 -0.05895833866540015 0.0590463438424199 0.08631290194868722 -0.04639626203255391 -0.1358272598332811 -0.08473509000607551
