# Created by Octave 4.0.0, Fri Oct 09 10:57:37 2015 India Standard Time <unknown@KINvarma>
# name: Theta1
# type: matrix
# rows: 36
# columns: 7
 23.99169872088158 0.0744117179732935 0.01960689316177103 9.905399877091854 0.005449321902616636 -0.02756178550600498 -9.472947008298632
 8.098798461554511 5.218365498497631 -5.646864024384911 -0.008658550253745739 0.01871777376122129 0.0167445008372329 0.03929527773740549
 3.002928755331193 -0.06550180488326594 -7.341726855263991 5.7001461139718 7.022133664343201 -0.1068550758335315 0.0775199722755576
 4.313349266054614 0.07109141812058357 -0.03595994735633386 0.5058744997288968 -0.03578950298750797 -0.397209196087047 -4.205581426975495
 -13.98791894162854 6.071823109777374 0.02765807703324885 -0.04042327976498973 -0.1758420443215342 0.04987495484755092 -0.04509980178948825
 6.495483611320035 -4.52486914802334 0.1554351812963286 -0.2193804134035029 -0.0453353826011369 -0.04307651522363681 -0.001533331952292142
 -17.19007230448305 4.022060658871147 0.4460259557983308 1.450526118346305 -0.1130616067556232 -0.1359035137634681 -1.223920273440874
 10.07074772376568 0.0575750365753069 -0.02325923255915087 0.166544574475507 6.24336547975823 -5.189135034964186 -0.008196496615673697
 -7.244067400599197 3.638251242889897 0.06866269751397985 -1.422812619300094 0.05520477439849497 -0.09362089853428804 0.009305732848510231
 -22.19023622973423 -0.1075655743683719 -0.0887315985758655 -1.641825458367532 -1.307768858806904 7.241445484578228 0.0008643230582898795
 1.530435924700694 -0.2207408307038655 -5.093868103632016 4.389322612429707 6.054690489208893 -0.2451843368681141 -0.03681993495390504
 22.82198347940914 -0.2453534534350656 -0.02856698166969108 4.007563660189003 0.6017610947800213 -7.89694663998208 0.03707160746396248
 -3.18391837871578 -0.3296224774253035 -0.1776096029335527 0.9888589306571222 0.1532380578469862 -1.502366402860391 0.291886605849015
 13.02041419012691 -0.2937145258519501 -0.005077501931871974 0.2789387630404583 11.34796480680687 0.08992566188152881 -5.959694388686215
 4.813551354464665 -0.2310921850008211 0.1243896681506769 -0.9094079780818626 0.4544358397354886 -1.111433208006522 0.1539551648123255
 -12.29127960083823 -3.834968834817928 -0.07767221707364415 -1.564484825480186 -0.6047595271920128 -0.0348225852730089 4.469306983534067
 16.57196301090295 -3.535063516946694 -0.01013375304047932 0.01845398229776602 -0.08579621704292757 0.06113233713808954 0.00378384340460147
 -2.95849406161574 -0.05561772159948367 -0.1175313195608558 0.1893656799947788 -0.4713032941629774 -0.1605887450524363 0.3329262275232307
 -17.84928030779329 4.994236792393823 -0.06931697482691565 0.1149342552109622 -0.07519349321138949 0.2224604042410782 0.0588029897353605
 -9.223868873726795 3.108429148884344 0.5378983371691156 0.3418017686810176 0.8171709305572107 -0.2896663949121904 0.08618285608701225
 3.477045142661878 -3.360219210635107 -0.1937914068760152 2.907143481978125 -0.5438338602978574 0.2363760935569489 -1.430380185232816
 -17.39011715139195 0.1987261610136741 -0.2095925947008175 -0.07217568759103536 6.885042665888455 -0.001661417023056174 0.06401244050273755
 -11.43438171859669 0.1404111273157044 -0.2417899260099449 -2.807517552805963 0.7483633347173037 -0.1076245027900733 3.733769625199939
 5.246608502792617 -0.01206520921288839 -1.368717795973443 2.469555869161282 -2.901734342583861 -0.9737078988244869 -0.2615863670200535
 -2.653989016825153 -1.385388156110939 -0.02576361630997949 2.632998251277045 0.05497985107896241 0.08645612210096215 0.009023021319894652
 -1.6332969647811 1.741928687127928 0.8055758752984258 -1.42493370244467 -0.793317354866349 -0.1314317707383953 0.1984455281731081
 -4.624076289718592 -3.304445465247675 3.577190892573305 -0.712131966424662 -1.469167332695001 0.100870704383153 -0.1192727522466928
 6.534028608725202 0.03977641226731144 0.01493201709528828 -0.1242859151547064 2.882882574515903 0.06475702961509922 -2.039217026530083
 7.59824449091544 -0.6068020491498906 -0.3009473396730923 0.2262740455897319 -0.9876405902580269 0.6746515456980642 -1.302933391434465
 5.719046500298932 4.313422169866019 -4.068393046258167 -0.1302073952487574 0.5152705252565229 -0.04033684418102025 0.03884263600719529
 -0.1063395464388655 0.1186610849236635 1.087690168178856 -1.268291165540744 -1.575812116782683 1.766450621387909 0.03392824137875226
 -2.076719670798308 0.04712447640878271 -0.9924259212238968 0.9361968994775708 -0.2661166594771953 0.3407392839453818 0.2746759010861661
 -0.6428669394909788 0.1316464855620339 0.3091076137416504 0.08933937112420773 0.1295231340180268 -0.08513862819606521 -0.8166128378820183
 4.688263041022699 -3.06671031897046 0.07311347165041855 0.07310610513803058 0.3077942380678017 -0.2319678287891819 -0.1720375592446191
 -3.771881242802444 -0.01259496193074303 0.579570557588255 -0.751692814089261 -0.3629480305029707 0.8245101185824917 1.378345526283357
 -14.43328461064018 0.04574594611774522 0.1464088492750605 -7.329797013466658 -0.1425755468143376 0.0282995907801865 5.890303220290906


