# Created by Octave 4.0.0, Mon Oct 05 22:08:05 2015 India Standard Time <unknown@Manikanta>
# name: X_10
# type: matrix
# rows: 14273
# columns: 1
 18
 24
 278
 23
 124.2060641
 243
 156
 116
 85
 90
 105
 156
 49
 57
 86
 86
 103
 68
 71
 89
 17
 252
 14
 54
 124.2060641
 185
 480
 4
 132
 249
 101
 14
 107
 24
 219
 238
 186
 26
 144
 104
 97
 66
 12
 38
 252
 124.2060641
 57
 5
 82
 15
 26
 156
 224
 5
 0
 34
 434
 133
 3
 154
 170
 178
 255
 186
 29
 86
 109
 268
 85
 169
 250
 121
 88
 107
 26
 16
 9
 92
 128
 20
 383
 137
 215
 178
 12
 31
 54
 126
 103
 110
 78
 169
 344
 18
 171
 30
 1
 90
 204
 117
 130
 20
 58
 19
 102
 68
 82
 309
 152
 224
 74
 80
 32
 137
 144
 376
 101
 18
 230
 238
 47
 121
 51
 5
 136
 80
 161
 223
 137
 353
 165
 47
 118
 45
 56
 16
 41
 291
 235
 157
 85
 30
 43
 85
 42
 55
 150
 112
 7
 366
 92
 73
 46
 58
 147
 138
 78
 100
 44
 0
 365
 11
 199
 16
 210
 74
 143
 164
 7
 204
 77
 66
 14
 136
 43
 14
 139
 108
 111
 87
 6
 114
 38
 74
 2
 97
 19
 124.2060641
 354
 210
 118
 206
 20
 75
 13
 248
 0
 263
 694
 124
 124.2060641
 0
 7
 136
 15
 25
 163
 485
 106
 33
 193
 42
 11
 112
 54
 9
 24
 106
 18
 138
 8
 86
 0
 100
 311
 102
 270
 23
 7
 73
 70
 148
 156
 40
 137
 57
 0
 45
 63
 227
 118
 74
 118
 67
 44
 7
 703
 130
 312
 161
 66
 40
 62
 3
 103
 238
 55
 42
 135
 38
 397
 30
 546
 38
 17
 225
 0
 74
 100
 25
 5
 224
 85
 136
 125
 14
 84
 70
 8
 66
 7
 206
 183
 13
 42
 9
 45
 34
 623
 14
 24
 87
 22
 99
 55
 178
 117
 240
 508
 147
 56
 35
 76
 23
 276
 110
 51
 34
 0
 54
 78
 10
 92
 122
 18
 40
 140
 27
 209
 28
 22
 23
 74
 86
 28
 45
 35
 6
 64
 244
 5
 222
 198
 220
 110
 105
 5
 51
 213
 99
 131
 15
 6
 199
 97
 191
 124.2060641
 31
 207
 188
 9
 126
 407
 57
 490
 10
 395
 6
 30
 60
 5
 16
 83
 124.2060641
 12
 22
 53
 137
 188
 21
 260
 14
 325
 10
 297
 72
 161
 9
 14
 3
 261
 29
 128
 0
 19
 20
 31
 195
 24
 8
 8
 44
 16
 13
 40
 2
 423
 19
 214
 83
 327
 122
 124.2060641
 293
 26
 123
 5
 70
 121
 49
 231
 0
 41
 221
 72
 127
 51
 157
 43
 189
 194
 96
 33
 69
 21
 51
 370
 45
 25
 295
 6
 6
 32
 8
 5
 35
 259
 198
 291
 68
 73
 374
 14
 4
 28
 167
 82
 132
 71
 210
 47
 91
 21
 37
 223
 119
 262
 74
 40
 307
 0
 53
 213
 37
 37
 36
 38
 27
 215
 76
 128
 58
 104
 127
 60
 138
 420
 72
 8
 28
 26
 197
 9
 180
 99
 4
 42
 75
 135
 168
 21
 201
 95
 124.2060641
 111
 6
 0
 266
 330
 0
 10
 192
 162
 642
 146
 103
 1
 296
 17
 188
 53
 74
 103
 5
 103
 16
 168
 42
 30
 38
 6
 94
 120
 101
 214
 450
 30
 43
 361
 3
 138
 2
 105
 235
 39
 6
 82
 80
 62
 103
 0
 71
 83
 31
 112
 338
 63
 301
 35
 8
 2
 490
 30
 221
 277
 290
 111
 44
 531
 85
 82
 155
 44
 100
 19
 272
 336
 190
 302
 64
 97
 70
 109
 15
 153
 106
 19
 16
 72
 51
 51
 323
 76
 97
 87
 98
 27
 52
 29
 154
 22
 182
 464
 76
 194
 280
 27
 205
 7
 161
 195
 244
 15
 14
 38
 308
 10
 81
 4
 280
 123
 51
 6
 68
 300
 208
 41
 115
 120
 291
 70
 237
 54
 8
 84
 79
 0
 2
 86
 219
 29
 19
 37
 375
 98
 31
 60
 393
 21
 40
 117
 34
 24
 15
 9
 57
 7
 24
 229
 18
 15
 21
 46
 18
 281
 334
 338
 91
 5
 124.2060641
 4
 249
 281
 166
 33
 30
 8
 6
 81
 53
 39
 40
 190
 228
 24
 138
 233
 10
 138
 174
 57
 21
 94
 36
 14
 113
 137
 21
 304
 58
 72
 156
 148
 266
 32
 2
 82
 115
 13
 104
 166
 32
 59
 140
 14
 76
 16
 233
 18
 7
 61
 154
 1
 206
 47
 4
 293
 164
 102
 224
 24
 69
 135
 147
 47
 49
 576
 27
 23
 5
 15
 449
 16
 107
 3
 219
 17
 129
 391
 120
 84
 46
 172
 27
 56
 53
 0
 194
 110
 392
 6
 124.2060641
 9
 14
 135
 0
 0
 77
 88
 111
 234
 84
 11
 150
 5
 315
 4
 73
 11
 48
 49
 5
 3
 21
 322
 140
 22
 1
 4
 25
 124.2060641
 220
 144
 6
 189
 205
 245
 29
 13
 26
 38
 158
 332
 10
 276
 53
 220
 202
 127
 124
 124
 162
 90
 293
 14
 47
 33
 230
 15
 70
 94
 150
 12
 36
 7
 166
 150
 28
 105
 166
 22
 69
 118
 25
 12
 92
 2
 227
 0
 43
 24
 24
 250
 24
 124.2060641
 348
 61
 55
 48
 0
 18
 8
 0
 79
 157
 60
 197
 12
 79
 3
 1
 95
 53
 31
 158
 130
 6
 101
 6
 64
 288
 22
 6
 25
 41
 43
 42
 87
 106
 295
 38
 106
 98
 61
 2
 3
 104
 124.2060641
 72
 90
 400
 75
 27
 14
 42
 230
 133
 58
 7
 7
 73
 36
 144
 7
 71
 17
 8
 43
 38
 66
 273
 12
 73
 100
 404
 62
 8
 10
 62
 179
 223
 14
 210
 412
 207
 300
 1
 162
 48
 337
 223
 57
 83
 32
 397
 106
 55
 0
 317
 96
 220
 147
 44
 392
 14
 165
 169
 24
 192
 15
 81
 27
 2
 92
 392
 24
 294
 50
 278
 248
 38
 282
 115
 22
 38
 197
 509
 60
 58
 73
 30
 94
 36
 67
 43
 70
 27
 0
 132
 233
 117
 82
 144
 55
 542
 43
 31
 137
 56
 164
 2
 220
 6
 18
 421
 68
 255
 49
 72
 148
 19
 19
 96
 39
 35
 241
 202
 40
 7
 79
 2
 278
 17
 58
 93
 20
 103
 146
 6
 5
 343
 23
 96
 414
 9
 104
 62
 9
 40
 6
 150
 60
 88
 46
 8
 206
 20
 239
 199
 44
 9
 7
 97
 21
 279
 306
 42
 382
 96
 61
 73
 124.2060641
 182
 192
 21
 57
 155
 4
 98
 39
 207
 90
 38
 102
 111
 48
 43
 82
 1
 57
 443
 54
 162
 35
 82
 17
 0
 18
 22
 93
 182
 112
 378
 28
 69
 89
 21
 17
 65
 0
 20
 24
 4
 18
 93
 110
 89
 3
 112
 110
 227
 88
 258
 108
 30
 45
 80
 11
 20
 95
 101
 110
 110
 109
 32
 26
 170
 53
 134
 124.2060641
 124.2060641
 583
 192
 45
 227
 46
 123
 88
 1
 56
 71
 96
 216
 11
 297
 12
 124.2060641
 116
 136
 9
 4
 31
 49
 17
 112
 53
 124
 41
 124.2060641
 38
 328
 3
 66
 235
 41
 266
 5
 91
 65
 162
 262
 53
 80
 9
 75
 521
 110
 64
 124.2060641
 72
 124.2060641
 13
 179
 22
 533
 0
 171
 74
 34
 206
 365
 42
 120
 47
 0
 52
 158
 53
 13
 140
 207
 43
 165
 41
 6
 75
 47
 178
 115
 138
 80
 39
 248
 103
 42
 81
 110
 186
 47
 63
 67
 124.2060641
 654
 152
 84
 31
 122
 111
 92
 17
 2
 14
 447
 78
 29
 264
 146
 29
 51
 20
 61
 75
 26
 256
 147
 55
 1
 1
 69
 460
 9
 185
 27
 78
 28
 6
 33
 60
 159
 199
 60
 302
 13
 0
 15
 2
 3
 211
 15
 11
 18
 356
 145
 41
 3
 108
 344
 42
 7
 255
 66
 97
 100
 217
 226
 11
 98
 38
 56
 200
 23
 131
 83
 12
 12
 228
 125
 12
 1
 37
 82
 18
 174
 107
 61
 70
 26
 124.2060641
 215
 19
 197
 97
 27
 147
 1
 7
 224
 157
 175
 157
 227
 8
 592
 129
 385
 48
 6
 23
 146
 17
 123
 43
 23
 141
 117
 29
 124.2060641
 59
 32
 160
 41
 36
 5
 21
 119
 0
 332
 10
 109
 15
 35
 107
 76
 271
 31
 26
 381
 264
 68
 235
 10
 14
 76
 47
 8
 75
 138
 63
 4
 289
 193
 4
 13
 22
 65
 63
 226
 26
 21
 16
 1
 427
 117
 194
 14
 127
 53
 42
 54
 118
 20
 30
 20
 18
 209
 27
 13
 99
 46
 28
 57
 269
 26
 6
 118
 233
 10
 83
 2
 562
 8
 92
 13
 37
 391
 260
 0
 39
 3
 347
 27
 59
 31
 325
 140
 42
 0
 38
 15
 228
 393
 286
 227
 40
 114
 59
 12
 78
 67
 75
 52
 8
 189
 1
 343
 71
 9
 16
 45
 121
 6
 19
 41
 9
 262
 128
 185
 125
 241
 116
 23
 231
 52
 94
 246
 38
 119
 6
 42
 250
 46
 100
 161
 2
 84
 257
 2
 55
 51
 45
 401
 34
 88
 94
 25
 24
 217
 46
 2
 99
 96
 124.2060641
 302
 424
 96
 21
 44
 127
 28
 13
 81
 116
 199
 124.2060641
 95
 80
 14
 42
 97
 173
 61
 124.2060641
 226
 2
 279
 105
 63
 8
 106
 95
 107
 183
 85
 2
 459
 124.2060641
 12
 7
 3
 87
 121
 155
 278
 10
 23
 24
 19
 43
 2
 162
 358
 68
 87
 8
 124.2060641
 262
 158
 80
 378
 244
 221
 64
 10
 318
 87
 14
 146
 11
 214
 18
 5
 44
 0
 180
 138
 62
 45
 2
 4
 14
 4
 25
 75
 3
 42
 281
 124.2060641
 175
 74
 347
 87
 48
 28
 124.2060641
 36
 65
 286
 119
 32
 237
 1
 204
 64
 29
 150
 299
 176
 66
 36
 115
 281
 61
 31
 27
 358
 151
 12
 136
 378
 16
 0
 20
 12
 271
 18
 141
 196
 86
 105
 15
 89
 127
 124.2060641
 20
 28
 44
 8
 6
 247
 1
 124.2060641
 44
 307
 71
 50
 19
 22
 281
 86
 80
 168
 46
 9
 17
 10
 1
 167
 148
 4
 38
 109
 175
 369
 75
 108
 31
 315
 19
 45
 260
 161
 10
 191
 305
 124
 146
 9
 1
 43
 35
 361
 265
 338
 202
 248
 125
 81
 28
 305
 161
 15
 48
 102
 166
 102
 190
 199
 37
 56
 9
 32
 11
 369
 21
 187
 45
 87
 46
 107
 187
 253
 56
 103
 33
 14
 41
 56
 168
 391
 229
 4
 43
 36
 0
 12
 67
 41
 106
 65
 22
 63
 2
 5
 152
 315
 151
 99
 112
 149
 39
 79
 25
 2
 169
 61
 85
 77
 64
 13
 18
 5
 108
 58
 60
 383
 166
 262
 106
 61
 87
 486
 1
 93
 2
 13
 28
 146
 675
 8
 3
 179
 22
 0
 5
 5
 3
 7
 50
 88
 134
 27
 104
 15
 21
 78
 136
 226
 23
 221
 5
 218
 113
 145
 105
 73
 124.2060641
 3
 45
 240
 171
 47
 187
