# Created by Octave 4.0.0, Mon Oct 05 21:09:29 2015 India Standard Time <unknown@KINvarma>
# name: X_3
# type: matrix
# rows: 14273
# columns: 1
 27
 16
 41
 22
 15
 50
 64
 34
 16
 43
 16
 69
 19
 24
 33
 27
 16
 16
 16
 22
 25
 37
 15
 30
 15
 33
 47
 15
 131
 33
 72
 51
 32
 37
 29
 51
 30
 26
 28
 52
 29
 23
 15
 17
 29
 15
 15
 22
 21
 15
 17
 47
 46
 18
 16
 21
 165
 33
 15
 24
 22
 15
 35
 30
 15
 23
 26
 123
 30
 27
 22
 15
 32
 22
 18
 30
 24
 17
 20
 25
 62
 51
 51
 54
 19
 18
 48
 20
 20
 39
 32
 72
 40
 24
 93
 23
 22
 18
 32
 18
 169
 16
 41
 15
 25
 32
 16
 102
 26
 33
 51
 41
 15
 18
 57
 104
 27
 33
 49
 33
 103
 19
 17
 29
 23
 18
 72
 36
 41
 54
 65
 29
 60
 21
 18
 23
 31
 36
 139
 20
 25
 18
 15
 19
 20
 20
 56
 27
 15
 75
 63
 18
 37
 18
 17
 20
 30
 45
 18
 15
 88
 15
 26
 15
 47
 17
 23
 57
 21
 79
 17
 120
 16
 19
 16
 18
 25
 15
 40
 28
 15
 75
 28
 27
 16
 36
 21
 15
 24
 28
 19
 50
 16
 20
 21
 22
 15
 41
 44
 22
 15
 16
 17
 28
 17
 23
 41
 51
 20
 62
 41
 31
 16
 42
 29
 17
 22
 62
 16
 30
 15
 35
 15
 19
 64
 21
 19
 15
 25
 40
 25
 23
 59
 26
 25
 18
 15
 16
 99
 33
 49
 93
 25
 16
 17
 15
 28
 23
 44
 31
 22
 16
 17
 15
 47
 25
 16
 215
 28
 16
 110
 37
 92
 97
 15
 41
 15
 55
 18
 17
 15
 49
 21
 55
 40
 41
 30
 26
 17
 33
 15
 48
 28
 34
 16
 15
 80
 33
 115
 16
 15
 22
 15
 34
 26
 75
 33
 99
 45
 19
 15
 18
 20
 16
 31
 17
 15
 35
 15
 41
 22
 15
 29
 17
 15
 23
 61
 26
 36
 18
 15
 47
 51
 36
 19
 31
 15
 15
 21
 17
 19
 39
 37
 25
 16
 21
 15
 40
 20
 141
 117
 15
 21
 43
 17
 44
 15
 20
 94
 53
 24
 53
 61
 25
 121
 17
 97
 15
 28
 31
 20
 15
 22
 15
 21
 24
 27
 18
 28
 17
 36
 141
 63
 19
 114
 15
 19
 15
 18
 15
 42
 17
 18
 15
 16
 26
 43
 30
 17
 29
 16
 21
 32
 15
 16
 15
 72
 15
 37
 41
 31
 35
 15
 42
 18
 72
 41
 17
 16
 37
 34
 16
 25
 20
 45
 20
 17
 28
 173
 40
 31
 146
 15
 32
 26
 20
 22
 17
 19
 70
 15
 19
 30
 15
 45
 33
 56
 27
 67
 16
 19
 25
 46
 15
 22
 21
 41
 22
 16
 55
 18
 31
 17
 15
 24
 21
 48
 25
 15
 48
 15
 18
 19
 23
 15
 19
 18
 30
 35
 46
 47
 17
 48
 110
 24
 30
 134
 43
 16
 35
 16
 31
 81
 139
 24
 16
 26
 22
 43
 186
 25
 21
 51
 15
 169
 15
 15
 116
 55
 15
 16
 75
 15
 42
 40
 70
 21
 79
 15
 28
 17
 30
 21
 15
 41
 16
 49
 15
 40
 49
 18
 52
 33
 21
 65
 145
 66
 17
 82
 15
 16
 15
 40
 21
 26
 16
 24
 94
 16
 41
 15
 19
 23
 15
 15
 74
 15
 51
 38
 20
 18
 119
 44
 29
 38
 73
 102
 30
 17
 42
 68
 63
 23
 21
 24
 61
 71
 27
 66
 37
 28
 18
 17
 15
 26
 35
 26
 15
 53
 18
 29
 68
 20
 32
 31
 56
 51
 15
 23
 20
 21
 27
 112
 39
 439
 20
 15
 24
 15
 72
 26
 31
 16
 16
 30
 23
 17
 24
 15
 15
 23
 18
 28
 15
 28
 22
 52
 51
 19
 79
 17
 20
 15
 19
 88
 16
 15
 15
 23
 67
 16
 15
 16
 134
 19
 17
 19
 36
 20
 15
 18
 16
 19
 15
 15
 21
 15
 18
 32
 15
 22
 71
 17
 17
 31
 78
 54
 15
 15
 15
 15
 69
 71
 58
 15
 28
 35
 26
 19
 15
 16
 36
 75
 41
 16
 34
 100
 15
 27
 44
 17
 23
 19
 19
 15
 31
 23
 17
 59
 18
 17
 23
 18
 16
 144
 16
 33
 18
 15
 53
 37
 17
 18
 153
 21
 71
 19
 25
 18
 15
 22
 20
 15
 36
 17
 26
 60
 38
 17
 27
 16
 43
 17
 17
 19
 20
 78
 17
 18
 21
 16
 50
 18
 28
 34
 29
 15
 22
 22
 17
 51
 23
 36
 33
 17
 18
 15
 35
 18
 88
 15
 15
 24
 19
 39
 15
 20
 30
 66
 15
 19
 15
 26
 21
 26
 71
 15
 45
 15
 42
 15
 16
 37
 27
 38
 94
 15
 15
 23
 16
 15
 72
 38
 15
 53
 72
 37
 15
 16
 20
 15
 26
 24
 16
 28
 15
 45
 42
 52
 28
 54
 70
 41
 69
 16
 16
 19
 26
 15
 15
 62
 47
 18
 16
 15
 41
 39
 15
 21
 111
 37
 22
 17
 51
 16
 16
 15
 35
 84
 23
 27
 21
 41
 24
 15
 53
 79
 67
 18
 15
 15
 15
 15
 45
 15
 18
 44
 16
 21
 15
 15
 33
 17
 15
 25
 56
 16
 15
 70
 15
 28
 15
 15
 18
 18
 25
 17
 37
 16
 41
 18
 19
 22
 20
 16
 15
 29
 15
 23
 18
 27
 40
 20
 33
 27
 51
 36
 27
 16
 15
 43
 15
 43
 32
 24
 15
 75
 49
 15
 16
 34
 16
 20
 16
 29
 49
 15
 22
 16
 32
 19
 18
 49
 191
 29
 47
 15
 25
 37
 66
 62
 22
 41
 20
 40
 17
 23
 18
 37
 18
 29
 41
 29
 63
 17
 56
 37
 25
 16
 16
 16
 17
 18
 24
 61
 15
 46
 20
 72
 47
 17
 20
 19
 30
 52
 21
 111
 24
 23
 34
 15
 24
 58
 103
 15
 22
 20
 15
 23
 16
 22
 21
 43
 18
 78
 25
 16
 59
 73
 30
 15
 23
 18
 16
 76
 20
 58
 15
 15
 15
 39
 15
 15
 16
 17
 54
 35
 67
 17
 21
 15
 15
 24
 18
 19
 23
 24
 54
 16
 48
 63
 39
 24
 97
 15
 23
 20
 15
 28
 15
 17
 24
 28
 15
 15
 21
 20
 38
 42
 21
 21
 15
 17
 28
 63
 122
 15
 54
 59
 25
 55
 15
 21
 30
 101
 21
 32
 15
 65
 15
 38
 44
 44
 25
 112
 15
 15
 18
 15
 18
 106
 22
 21
 31
 23
 52
 15
 21
 15
 22
 35
 55
 39
 16
 37
 31
 15
 123
 29
 21
 61
 15
 15
 17
 15
 46
 40
 15
 17
 26
 20
 32
 117
 17
 15
 15
 36
 25
 27
 31
 26
 36
 15
 23
 16
 18
 51
 35
 60
 15
 15
 99
 29
 15
 74
 15
 16
 20
 16
 41
 508
 18
 75
 16
 80
 17
 15
 20
 18
 22
 17
 21
 15
 15
 19
 53
 20
 18
 15
 15
 63
 18
 32
 97
 18
 72
 15
 30
 15
 34
 30
 28
 55
 15
 29
 139
 32
 39
 15
 64
 15
 18
 24
 19
 79
 15
 21
 21
 19
 95
 33
 15
 30
 19
 15
 36
 84
 78
 16
 24
 47
 28
 24
 16
 15
 24
 16
 23
 47
 110
 39
 25
 78
 19
 15
 47
 62
 32
 20
 19
 17
 15
 340
 26
 18
 16
 54
 28
 15
 26
 15
 19
 89
 19
 15
 45
 20
 52
 31
 15
 90
 26
 19
 56
 41
 22
 15
 17
 32
 78
 15
 189
 15
 29
 22
 15
 16
 18
 31
 24
 19
 80
 17
 44
 15
 15
 17
 31
 19
 53
 26
 39
 46
 15
 15
 25
 59
 15
 15
 47
 18
 33
 32
 41
 51
 15
 31
 22
 16
 54
 15
 16
 43
 15
 20
 34
 22
 15
 15
 58
 18
 17
 40
 20
 38
 15
 19
 15
 207
 19
 22
 108
 16
 37
 15
 17
 31
 44
 37
 65
 50
 15
 123
 20
 58
 15
 15
 23
 23
 15
 19
 15
 74
 58
 21
 15
 15
 15
 15
 65
 24
 35
 15
 21
 63
 15
 85
 15
 18
 21
 16
 45
 17
 22
 32
 79
 34
 35
 24
 31
 15
 17
 23
 26
 16
 17
 30
 23
 15
 223
 23
 15
 16
 15
 16
 15
 56
 23
 25
 17
 18
 87
 99
 49
 16
 22
 15
 32
 18
 15
 60
 19
 16
 17
 27
 18
 15
 80
 15
 15
 16
 38
 16
 15
 36
 34
 15
 17
 24
 15
 15
 43
 17
 15
 55
 31
 15
 24
 15
 136
 17
 20
 47
 124
 17
 15
 15
 20
 24
 43
 41
 64
 74
 15
 23
 36
 15
 31
 31
 64
 17
 17
 50
 15
 74
 16
 15
 15
 21
 23
 15
 15
 37
 18
 64
 22
 34
 98
 66
 32
 17
 78
 34
 18
 37
 42
 17
 15
 17
 31
 15
 57
 33
 15
 23
 170
 15
 15
 22
 21
 56
 109
 28
 18
 16
 17
 68
 20
 45
 27
 21
 15
 36
 46
 22
 17
 17
 15
 25
 16
 72
 18
 59
 15
 30
 26
 15
 49
 19
 33
 25
 15
 95
 20
 45
 101
 19
 16
 64
 19
 42
 15
 24
 15
 182
 15
 15
 15
 26
 20
 16
 17
 25
 18
 20
 24
 15
 51
 15
 17
 52
 39
 158
 15
 15
 55
 28
 21
 47
 25
 30
 20
 25
 253
 29
 17
 30
 16
 21
 25
 16
 23
 15
 52
 18
 42
 21
 15
 15
 19
 15
 17
 94
 15
 19
 110
 15
 20
 16
 77
 20
 16
 32
 15
 15
 42
 74
 21
 30
 72
 22
 320
 15
 17
 79
 24
 32
 20
 29
 37
 66
 50
 17
 21
 51
 36
 15
 17
 60
 15
 15
 19
 15
 29
 17
 36
 35
 28
 59
 15
 17
 45
 15
 15
 15
 45
 15
 15
 26
 15
 15
 21
 27
 147
 29
 16
 20
 60
 45
 55
 34
 24
 18
 17
 15
 15
 25
 15
 19
 22
 29
 38
 69
 15
 22
 108
 84
 33
 17
 91
 35
 17
 22
 61
 56
 111
 16
 15
 22
 16
 191
 20
 71
 77
 100
 19
 68
 24
 41
 55
 21
 22
 40
 33
 155
 45
 40
 19
 15
 22
 15
 15
 75
 19
 46
 20
 19
 15
 25
 33
 46
 37
 62
 16
 16
 35
 216
 27
 118
 82
 16
 16
 45
 15
 15
 27
 15
 18
 26
 21
 23
 15
 16
 54
 63
 25
 96
 31
 24
 15
 18
 15
 15
 169
 15
 21
 20
 16
 15
 23
 15
 25
 19
 55
 175
 33
 25
 17
 29
 18
 60
 17
 30
 15
 29
 15
 41
 60
 15
 15
 28
 41
 15
 22
 15
 20
 21
 20
 15
 18
 21
 19
 23
 16
 48
 26
 131
 17
 66
 17
 42
 48
 129
 41
 29
 15
 15
 42
 188
 54
 48
 54
 52
 20
 28
 22
 15
 15
 37
 15
 36
 142
 15
 23
 15
 35
 16
 51
 15
 19
 33
 16
 25
 16
 54
 26
 17
 15
 18
 87
 15
 69
 18
 30
 58
 31
 75
 15
 34
 26
 31
 26
 25
 343
 17
 16
 15
 15
 16
 34
 24
 55
 16
 25
 15
 54
 78
 64
 54
 80
 15
 55
 17
 34
 54
 25
 39
 16
 19
 64
 33
 17
 21
 15
 17
 15
 17
 15
 22
 16
 17
 31
 15
 15
 18
 17
 18
 25
 19
 15
 26
 38
 15
 32
 15
 29
 17
 15
 45
 15
 18
 16
 23
 16
 22
 47
 22
 20
 54
 17
 18
 28
 45
 16
 21
 15
 15
 19
 31
 15
 15
 46
 301
 15
 19
 15
 228
 16
 15
 62
 49
 41
 16
 15
 18
 26
 85
 16
 21
 46
 58
 71
 15
 42
 15
 21
 28
 42
 18
 15
 62
 33
 110
 15
 24
 25
 32
 18
 186
 15
 15
 248
 52
 17
 31
 34
 15
 54
 20
 16
 15
 16
 16
