# Created by Octave 4.0.0, Mon Oct 05 21:10:45 2015 India Standard Time <unknown@KINvarma>
# name: X_4
# type: matrix
# rows: 14273
# columns: 1
 43
 91
 64
 292
 25
 122
 287
 176
 233
 76
 42
 86
 25
 108
 196
 44
 25
 96
 25
 31
 25
 143
 31
 242
 25
 25
 166
 25
 215
 119
 126
 25
 39
 62
 25
 168
 258
 42
 82
 303
 63
 132
 25
 131
 119
 25
 63
 32
 33
 25
 25
 43
 240
 25
 44
 307
 374
 25
 53
 25
 25
 96
 203
 157
 25
 33
 25
 853
 112
 76
 25
 25
 390
 25
 89
 63
 198
 25
 85
 25
 100
 907
 138
 151
 56
 25
 305
 25
 25
 98
 145
 1020
 42
 25
 318
 85
 25
 25
 25
 25
 131
 25
 324
 25
 203
 285
 25
 5503
 29
 32
 364
 205
 25
 83
 142
 1414
 25
 139
 166
 64
 25
 25
 25
 461
 75
 76
 172
 39
 264
 249
 49
 128
 222
 42
 126
 84
 25
 25
 95
 59
 409
 48
 25
 32
 25
 25
 399
 30
 25
 165
 85
 27
 27
 25
 120
 97
 28
 25
 57
 25
 625
 25
 221
 25
 35
 25
 25
 371
 25
 196
 31
 108
 25
 79
 25
 196
 36
 95
 156
 51
 25
 634
 40
 75
 34
 25
 25
 25
 50
 88
 25
 243
 25
 138
 37
 146
 28
 70
 225
 98
 25
 25
 25
 131
 119
 40
 25
 608
 25
 780
 220
 25
 62
 277
 25
 143
 25
 339
 25
 166
 67
 163
 25
 25
 459
 65
 26
 25
 104
 336
 39
 104
 221
 27
 57
 272
 25
 90
 319
 64
 91
 564
 25
 25
 25
 25
 66
 89
 44
 25
 39
 25
 54
 25
 79
 99
 25
 881
 31
 40
 42
 324
 1118
 1335
 85
 66
 25
 25
 25
 30
 36
 392
 36
 55
 847
 185
 59
 41
 130
 29
 25
 154
 33
 207
 25
 25
 276
 25
 182
 25
 190
 65
 25
 55
 165
 41
 65
 625
 185
 25
 25
 48
 136
 25
 174
 59
 25
 92
 25
 25
 25
 25
 201
 47
 25
 118
 43
 105
 81
 25
 25
 44
 213
 85
 63
 77
 25
 25
 50
 28
 77
 169
 133
 90
 25
 25
 25
 225
 44
 6914
 131
 25
 31
 25
 25
 42
 25
 46
 1600
 709
 70
 32
 382
 65
 795
 25
 274
 25
 540
 79
 55
 36
 25
 25
 89
 40
 309
 26
 79
 81
 25
 49
 158
 58
 188
 25
 25
 25
 77
 25
 357
 69
 103
 25
 89
 116
 134
 98
 25
 47
 32
 51
 99
 25
 59
 25
 805
 25
 97
 96
 109
 44
 25
 25
 30
 209
 159
 37
 25
 25
 37
 25
 48
 25
 228
 81
 31
 297
 65
 25
 161
 113
 65
 115
 145
 36
 25
 57
 25
 117
 25
 114
 31
 25
 371
 221
 96
 972
 129
 25
 25
 55
 86
 25
 100
 25
 79
 41
 25
 339
 25
 83
 25
 25
 246
 93
 28
 78
 25
 110
 25
 25
 25
 81
 35
 25
 25
 375
 113
 36
 252
 25
 290
 348
 44
 579
 170
 49
 25
 107
 37
 61
 215
 101
 25
 25
 321
 25
 25
 207
 25
 34
 314
 25
 3083
 25
 25
 258
 315
 25
 76
 232
 135
 78
 26
 377
 25
 307
 25
 35
 25
 167
 25
 25
 372
 28
 25
 25
 154
 25
 66
 137
 41
 25
 215
 119
 29
 25
 256
 25
 25
 25
 177
 35
 108
 52
 25
 186
 53
 53
 43
 55
 293
 33
 25
 111
 25
 942
 164
 25
 25
 90
 172
 35
 71
 973
 292
 103
 132
 42
 25
 208
 35
 104
 46
 579
 82
 76
 85
 160
 178
 49
 28
 25
 197
 735
 34
 25
 54
 43
 25
 109
 39
 133
 44
 544
 90
 25
 140
 25
 25
 25
 642
 319
 1581
 805
 63
 34
 25
 302
 194
 42
 25
 25
 165
 86
 25
 223
 286
 81
 157
 118
 25
 413
 97
 157
 220
 148
 54
 645
 25
 110
 25
 27
 318
 25
 158
 25
 31
 164
 25
 25
 25
 638
 25
 25
 45
 81
 52
 65
 153
 25
 25
 25
 25
 25
 37
 25
 64
 55
 25
 693
 49
 25
 43
 40
 544
 25
 25
 25
 25
 137
 310
 521
 25
 25
 26
 145
 37
 25
 25
 93
 207
 31
 25
 354
 620
 25
 207
 104
 25
 50
 25
 27
 34
 260
 53
 29
 431
 25
 58
 75
 25
 44
 613
 25
 138
 25
 25
 129
 28
 37
 25
 1364
 25
 184
 41
 25
 25
 25
 39
 51
 41
 39
 97
 26
 185
 122
 25
 33
 119
 67
 39
 25
 44
 66
 150
 25
 25
 25
 25
 25
 38
 25
 46
 79
 25
 111
 25
 26
 53
 32
 25
 25
 25
 27
 25
 38
 25
 1278
 25
 25
 25
 145
 32
 25
 25
 25
 112
 25
 25
 27
 523
 25
 72
 145
 25
 303
 25
 119
 35
 65
 25
 25
 26
 76
 25
 25
 25
 25
 25
 269
 35
 31
 145
 81
 25
 25
 51
 95
 25
 31
 91
 25
 133
 25
 25
 359
 145
 33
 142
 294
 25
 316
 131
 25
 41
 64
 33
 25
 170
 69
 69
 115
 25
 191
 31
 25
 25
 560
 99
 61
 111
 151
 25
 25
 25
 69
 227
 25
 48
 210
 145
 154
 25
 211
 177
 1192
 25
 25
 115
 96
 25
 31
 25
 26
 320
 25
 79
 25
 25
 195
 36
 25
 36
 146
 25
 585
 26
 42
 155
 108
 25
 49
 89
 25
 150
 133
 87
 132
 25
 182
 25
 25
 25
 25
 25
 25
 246
 27
 37
 158
 25
 362
 120
 25
 65
 25
 29
 25
 248
 77
 75
 39
 26
 25
 82
 116
 25
 50
 25
 32
 55
 59
 25
 112
 25
 25
 25
 123
 25
 30
 48
 1188
 75
 108
 25
 40
 55
 46
 154
 26
 131
 330
 49
 25
 47
 25
 137
 157
 79
 191
 56
 105
 102
 144
 88
 25
 93
 54
 150
 25
 86
 25
 524
 25
 345
 25
 108
 204
 25
 174
 163
 49
 254
 25
 467
 102
 316
 25
 31
 25
 465
 283
 34
 29
 64
 25
 83
 29
 47
 263
 31
 29
 557
 499
 27
 25
 602
 207
 25
 116
 70
 25
 25
 25
 132
 25
 78
 35
 127
 25
 25
 25
 51
 73
 387
 192
 25
 25
 25
 25
 131
 27
 101
 25
 46
 206
 25
 758
 133
 64
 298
 609
 25
 85
 25
 32
 113
 25
 25
 94
 75
 25
 25
 38
 25
 89
 196
 113
 191
 25
 25
 153
 90
 337
 25
 465
 83
 48
 25
 25
 113
 80
 447
 223
 50
 25
 33
 25
 107
 39
 39
 58
 156
 40
 25
 25
 25
 93
 269
 100
 29
 73
 164
 86
 25
 55
 25
 92
 25
 308
 38
 25
 145
 25
 25
 41
 31
 25
 191
 25
 25
 111
 52
 117
 39
 25
 25
 51
 31
 463
 758
 25
 76
 25
 29
 25
 25
 210
 64
 33
 25
 25
 81
 25
 25
 164
 161
 25
 25
 460
 25
 42
 76
 25
 25
 25
 25
 386
 25
 25
 468
 25
 1295
 43
 25
 41
 144
 99
 25
 32
 25
 29
 168
 316
 107
 43
 25
 25
 263
 67
 129
 43
 25
 130
 25
 396
 25
 140
 46
 29
 97
 25
 25
 272
 74
 127
 25
 218
 25
 120
 82
 25
 135
 25
 25
 25
 31
 92
 87
 25
 47
 46
 32
 141
 384
 25
 25
 184
 405
 25
 25
 41
 25
 25
 121
 25
 111
 136
 357
 144
 59
 25
 25
 25
 167
 86
 111
 25
 44
 25
 2649
 25
 25
 44
 372
 37
 195
 35
 25
 109
 980
 36
 25
 226
 66
 388
 169
 25
 397
 41
 131
 234
 119
 25
 25
 25
 35
 173
 25
 208
 25
 117
 46
 25
 25
 25
 715
 31
 25
 843
 82
 132
 59
 25
 25
 49
 436
 208
 25
 99
 84
 25
 25
 30
 72
 25
 25
 67
 61
 171
 25
 117
 295
 25
 203
 47
 342
 25
 25
 25
 32
 85
 25
 168
 31
 25
 43
 413
 33
 111
 152
 46
 53
 25
 92
 25
 1451
 25
 110
 880
 77
 103
 25
 65
 134
 66
 36
 50
 87
 25
 571
 25
 78
 25
 25
 71
 109
 141
 25
 25
 125
 197
 102
 25
 25
 25
 25
 108
 91
 1758
 25
 25
 259
 25
 25
 48
 25
 25
 25
 89
 25
 25
 184
 216
 25
 577
 36
 43
 25
 25
 50
 30
 25
 30
 50
 39
 25
 326
 47
 25
 25
 25
 37
 25
 336
 87
 204
 25
 134
 1825
 106
 79
 25
 214
 25
 63
 25
 30
 693
 25
 37
 39
 31
 25
 25
 104
 25
 25
 25
 107
 27
 25
 45
 294
 25
 25
 25
 25
 25
 38
 82
 25
 99
 200
 25
 47
 25
 428
 25
 37
 216
 342
 25
 25
 25
 30
 52
 29
 34
 316
 254
 79
 79
 423
 25
 31
 25
 240
 43
 155
 49
 25
 109
 25
 25
 58
 25
 42
 25
 25
 118
 90
 78
 25
 66
 601
 459
 64
 25
 351
 154
 29
 25
 489
 41
 25
 25
 315
 25
 66
 123
 25
 62
 25
 25
 25
 25
 276
 195
 1587
 113
 37
 41
 25
 125
 148
 90
 28
 136
 25
 25
 138
 56
 25
 25
 25
 25
 25
 60
 200
 225
 25
 77
 40
 25
 528
 412
 25
 25
 25
 300
 122
 93
 746
 46
 41
 77
 327
 521
 25
 43
 25
 1169
 25
 25
 56
 74
 25
 25
 25
 68
 127
 137
 25
 25
 63
 25
 202
 25
 48
 499
 25
 25
 29
 25
 47
 80
 25
 25
 82
 35
 5573
 64
 35
 25
 25
 50
 144
 25
 90
 25
 41
 25
 117
 25
 25
 25
 50
 32
 25
 709
 25
 25
 550
 25
 307
 130
 287
 95
 25
 34
 25
 63
 437
 36
 90
 25
 1133
 180
 98
 25
 110
 65
 25
 95
 32
 82
 262
 176
 65
 25
 50
 850
 86
 25
 25
 456
 25
 25
 57
 70
 99
 46
 56
 38
 78
 199
 25
 25
 228
 25
 25
 25
 696
 25
 25
 44
 25
 25
 132
 26
 265
 51
 32
 25
 93
 26
 79
 168
 25
 25
 36
 52
 25
 44
 25
 25
 25
 37
 63
 779
 25
 153
 69
 743
 51
 53
 160
 129
 42
 100
 79
 452
 334
 43
 36
 25
 25
 282
 114
 285
 45
 1548
 25
 1597
 412
 86
 90
 36
 25
 71
 47
 497
 102
 147
 27
 25
 37
 78
 25
 48
 31
 797
 34
 25
 25
 26
 144
 1495
 248
 25
 25
 77
 25
 676
 28
 84
 305
 115
 87
 74
 25
 25
 139
 25
 35
 214
 33
 25
 25
 25
 142
 173
 106
 35
 99
 25
 25
 211
 68
 57
 1457
 25
 25
 54
 45
 25
 25
 25
 25
 74
 583
 155
 80
 78
 65
 282
 74
 290
 25
 89
 25
 253
 35
 7424
 105
 25
 25
 53
 35
 491
 25
 25
 142
 148
 50
 34
 39
 38
 25
 112
 25
 37
 172
 148
 110
 144
 56
 42
 326
 237
 110
 37
 25
 25
 50
 435
 25
 136
 265
 25
 25
 38
 31
 25
 25
 121
 46
 28
 2253
 25
 26
 25
 50
 25
 61
 25
 25
 26
 106
 42
 25
 33
 186
 57
 32
 49
 155
 1681
 895
 29
 87
 259
 359
 114
 25
 25
 39
 81
 29
 56
 3732
