# Created by Octave 4.0.0, Mon Oct 05 22:02:58 2015 India Standard Time <unknown@Manikanta>
# name: X_8
# type: matrix
# rows: 14273
# columns: 1
 8
 4
 64
 1
 53.62616755
 89
 73
 16
 2
 35
 2
 109
 12
 10
 33
 16
 2
 4
 7
 8
 24
 26
 0
 29
 53.62616755
 104
 127
 0
 100
 91
 238
 10
 34
 12
 52
 224
 47
 19
 40
 131
 30
 10
 1
 5
 79
 53.62616755
 1
 20
 38
 2
 5
 57
 23
 8
 1
 26
 227
 55
 0
 23
 121
 1
 48
 71
 0
 22
 26
 165
 44
 34
 72
 0
 23
 27
 5
 24
 1
 41
 25
 14
 104
 98
 96
 77
 4
 3
 63
 4
 27
 145
 38
 33
 89
 15
 61
 17
 11
 5
 44
 20
 104
 3
 40
 2
 21
 9
 2
 156
 29
 30
 56
 84
 0
 9
 71
 268
 20
 15
 76
 30
 93
 14
 7
 10
 33
 29
 111
 80
 5
 93
 42
 46
 76
 25
 4
 10
 55
 48
 109
 34
 30
 5
 0
 17
 4
 12
 31
 52
 2
 70
 65
 9
 96
 8
 5
 7
 36
 104
 9
 1
 85
 0
 10
 0
 6
 4
 19
 98
 10
 179
 7
 68
 2
 29
 25
 2
 19
 0
 18
 34
 1
 166
 20
 23
 4
 31
 13
 53.62616755
 15
 38
 20
 139
 2
 23
 2
 16
 0
 59
 154
 16
 53.62616755
 1
 1
 49
 1
 24
 185
 98
 22
 135
 112
 37
 3
 92
 33
 7
 25
 92
 5
 41
 0
 36
 0
 32
 103
 15
 13
 1
 14
 54
 19
 14
 158
 12
 15
 24
 0
 2
 63
 173
 82
 51
 45
 1
 3
 1
 31
 45
 147
 33
 29
 2
 8
 0
 65
 10
 9
 26
 29
 4
 346
 34
 263
 2
 0
 126
 0
 92
 13
 2
 1
 68
 12
 211
 34
 38
 56
 19
 4
 33
 0
 112
 43
 9
 2
 2
 53
 53
 312
 1
 0
 17
 0
 28
 16
 136
 43
 92
 190
 12
 0
 3
 34
 7
 68
 25
 0
 15
 0
 36
 18
 0
 34
 7
 1
 13
 85
 8
 26
 3
 0
 44
 39
 43
 5
 11
 1
 0
 14
 9
 6
 68
 86
 46
 2
 11
 0
 36
 20
 77
 100
 0
 2
 69
 6
 49
 53.62616755
 9
 147
 31
 23
 154
 128
 12
 157
 6
 113
 1
 82
 24
 9
 0
 9
 53.62616755
 4
 10
 21
 25
 30
 10
 45
 119
 207
 7
 136
 2
 14
 0
 6
 0
 86
 2
 21
 0
 1
 11
 9
 55
 4
 20
 7
 48
 11
 0
 7
 0
 92
 0
 40
 37
 122
 35
 53.62616755
 124
 3
 77
 8
 7
 2
 38
 49
 1
 88
 10
 16
 18
 3
 18
 62
 69
 47
 153
 0
 64
 10
 12
 69
 6
 8
 230
 0
 22
 12
 1
 13
 23
 60
 56
 173
 7
 10
 30
 85
 0
 15
 9
 24
 11
 2
 65
 36
 65
 2
 1
 21
 8
 66
 45
 0
 105
 0
 11
 10
 9
 0
 7
 9
 14
 109
 28
 62
 14
 44
 90
 15
 39
 130
 46
 1
 38
 2
 58
 49
 105
 56
 3
 23
 27
 86
 143
 17
 34
 54
 53.62616755
 88
 0
 0
 60
 44
 0
 4
 94
 1
 58
 34
 145
 9
 131
 0
 46
 3
 72
 19
 0
 62
 3
 223
 0
 36
 27
 9
 422
 167
 21
 54
 262
 127
 5
 281
 0
 14
 0
 41
 12
 5
 2
 20
 338
 10
 70
 0
 6
 4
 0
 0
 167
 0
 77
 32
 16
 3
 207
 19
 21
 52
 83
 68
 91
 3
 22
 181
 66
 11
 14
 6
 106
 40
 15
 69
 28
 20
 7
 6
 0
 43
 79
 27
 1
 84
 6
 24
 244
 15
 26
 36
 52
 69
 2
 25
 25
 9
 21
 100
 41
 59
 5
 1
 28
 0
 82
 15
 21
 1
 16
 14
 31
 10
 14
 2
 1
 19
 10
 12
 1
 20
 42
 39
 105
 20
 166
 6
 4
 2
 4
 195
 2
 0
 0
 4
 98
 8
 0
 2
 107
 7
 2
 22
 97
 4
 0
 6
 2
 4
 0
 0
 36
 0
 5
 47
 1
 12
 96
 8
 4
 47
 159
 102
 0
 1
 53.62616755
 0
 95
 71
 106
 2
 25
 62
 18
 14
 0
 4
 23
 168
 49
 4
 50
 374
 1
 13
 30
 7
 13
 7
 8
 0
 38
 81
 10
 68
 9
 4
 17
 14
 3
 73
 3
 23
 10
 0
 128
 47
 5
 2
 99
 19
 68
 8
 21
 2
 0
 26
 13
 0
 117
 4
 8
 200
 29
 11
 20
 6
 32
 4
 8
 29
 8
 222
 5
 5
 3
 1
 207
 4
 47
 20
 40
 0
 63
 40
 7
 41
 15
 42
 21
 2
 13
 0
 63
 15
 259
 1
 53.62616755
 17
 20
 33
 0
 10
 23
 97
 0
 10
 0
 30
 8
 10
 83
 1
 105
 0
 43
 1
 4
 48
 15
 168
 159
 0
 0
 15
 5
 53.62616755
 170
 45
 0
 58
 158
 48
 0
 2
 6
 0
 23
 46
 2
 32
 0
 126
 68
 49
 47
 47
 68
 24
 75
 1
 3
 8
 26
 0
 1
 184
 106
 5
 7
 0
 36
 40
 0
 52
 99
 62
 43
 9
 41
 3
 9
 0
 58
 36
 4
 30
 10
 90
 5
 53.62616755
 30
 29
 149
 6
 0
 0
 1
 0
 70
 0
 2
 27
 2
 14
 0
 0
 38
 4
 0
 21
 180
 6
 0
 8
 0
 24
 2
 0
 8
 6
 24
 7
 25
 4
 191
 7
 9
 8
 14
 1
 0
 37
 53.62616755
 30
 7
 47
 57
 13
 22
 18
 15
 78
 6
 4
 0
 37
 0
 59
 17
 40
 0
 37
 49
 0
 3
 178
 2
 12
 2
 24
 45
 1
 4
 5
 59
 32
 20
 77
 488
 86
 46
 0
 29
 28
 99
 218
 5
 67
 7
 152
 2
 16
 4
 95
 7
 20
 88
 18
 122
 7
 64
 75
 24
 1
 1
 2
 1
 3
 26
 172
 0
 97
 9
 150
 152
 9
 14
 15
 18
 57
 27
 164
 23
 30
 45
 1
 54
 63
 163
 4
 26
 15
 0
 16
 3
 19
 1
 70
 45
 260
 12
 1
 62
 46
 25
 1
 35
 10
 3
 155
 50
 83
 1
 1
 0
 30
 1
 0
 11
 7
 97
 30
 66
 2
 42
 0
 0
 22
 6
 6
 7
 11
 17
 1
 43
 136
 50
 28
 242
 0
 16
 9
 0
 26
 0
 8
 15
 14
 0
 0
 38
 24
 37
 24
 46
 4
 0
 14
 11
 104
 331
 0
 44
 87
 29
 261
 53.62616755
 8
 66
 83
 15
 70
 0
 101
 0
 81
 46
 62
 12
 83
 0
 1
 10
 0
 4
 122
 32
 19
 24
 28
 16
 0
 18
 3
 28
 101
 73
 101
 5
 37
 37
 0
 4
 61
 4
 9
 1
 0
 4
 1
 261
 42
 1
 12
 40
 10
 69
 166
 7
 1
 0
 42
 7
 44
 28
 36
 31
 1
 19
 2
 42
 56
 30
 97
 53.62616755
 53.62616755
 77
 30
 0
 129
 0
 3
 8
 7
 12
 16
 4
 109
 6
 128
 7
 53.62616755
 27
 7
 11
 4
 14
 1
 1
 27
 99
 15
 4
 53.62616755
 1
 94
 9
 19
 256
 9
 176
 0
 40
 0
 83
 107
 22
 34
 1
 43
 236
 44
 29
 53.62616755
 48
 53.62616755
 34
 32
 7
 179
 0
 53
 22
 25
 116
 37
 0
 35
 3
 0
 31
 170
 15
 4
 33
 85
 91
 12
 8
 0
 17
 2
 12
 32
 132
 57
 7
 278
 9
 0
 26
 118
 71
 8
 25
 3
 53.62616755
 266
 48
 5
 3
 79
 35
 0
 23
 0
 5
 202
 6
 0
 68
 7
 45
 16
 1
 43
 39
 16
 49
 19
 32
 0
 3
 22
 121
 0
 85
 4
 38
 13
 0
 1
 7
 52
 39
 2
 56
 1
 33
 1
 0
 7
 68
 10
 7
 12
 83
 58
 0
 1
 31
 37
 0
 0
 218
 3
 29
 60
 213
 65
 0
 25
 22
 2
 96
 0
 15
 82
 0
 6
 144
 20
 2
 0
 84
 9
 7
 37
 15
 22
 0
 11
 53.62616755
 237
 21
 24
 127
 1
 137
 0
 3
 49
 33
 79
 117
 36
 0
 208
 11
 114
 0
 0
 25
 13
 1
 7
 3
 162
 106
 4
 0
 53.62616755
 0
 1
 203
 16
 36
 0
 13
 60
 0
 188
 0
 5
 5
 2
 58
 4
 32
 52
 34
 103
 18
 17
 48
 0
 5
 29
 23
 1
 9
 40
 20
 0
 9
 16
 0
 1
 0
 4
 0
 61
 20
 21
 6
 3
 213
 264
 94
 3
 5
 0
 25
 3
 0
 84
 10
 12
 4
 158
 7
 3
 47
 0
 1
 12
 145
 6
 0
 59
 74
 0
 10
 11
 0
 2
 78
 1
 0
 60
 31
 0
 15
 0
 175
 4
 10
 53
 70
 3
 0
 0
 21
 107
 32
 72
 191
 339
 2
 18
 81
 2
 92
 90
 137
 7
 2
 56
 0
 148
 14
 2
 0
 10
 22
 0
 0
 67
 15
 214
 11
 39
 64
 134
 29
 3
 50
 66
 19
 68
 47
 5
 0
 3
 34
 0
 43
 14
 0
 33
 51
 0
 0
 37
 8
 25
 23
 42
 5
 5
 1
 105
 21
 26
 120
 18
 53.62616755
 62
 205
 43
 7
 12
 1
 28
 6
 51
 6
 134
 53.62616755
 27
 27
 0
 62
 7
 12
 5
 53.62616755
 221
 7
 45
 45
 7
 3
 38
 6
 98
 0
 24
 0
 210
 53.62616755
 0
 0
 35
 20
 5
 21
 39
 9
 16
 7
 3
 50
 0
 7
 37
 130
 163
 0
 53.62616755
 127
 107
 20
 295
 48
 50
 5
 42
 277
 33
 10
 42
 7
 14
 22
 5
 37
 0
 115
 17
 18
 22
 0
 0
 10
 0
 8
 76
 0
 15
 200
 53.62616755
 6
 2
 132
 16
 7
 27
 53.62616755
 2
 108
 107
 11
 17
 55
 23
 54
 0
 10
 180
 19
 59
 14
 26
 85
 85
 35
 15
 24
 121
 49
 0
 6
 299
 0
 0
 2
 0
 86
 3
 130
 82
 20
 201
 0
 13
 32
 53.62616755
 0
 0
 68
 0
 0
 82
 1
 53.62616755
 37
 49
 55
 85
 2
 3
 136
 47
 80
 41
 18
 5
 5
 0
 1
 29
 0
 3
 19
 36
 35
 56
 0
 26
 56
 123
 10
 8
 121
 63
 4
 10
 150
 63
 96
 2
 0
 26
 13
 433
 21
 97
 169
 188
 8
 6
 22
 55
 121
 25
 11
 47
 63
 111
 142
 44
 26
 2
 28
 1
 1
 101
 17
 110
 27
 7
 1
 30
 36
 163
 28
 102
 2
 3
 32
 75
 64
 191
 214
 1
 2
 38
 0
 0
 51
 2
 6
 39
 18
 34
 0
 3
 76
 122
 40
 250
 18
 32
 0
 11
 0
 1
 109
 1
 12
 10
 5
 1
 6
 1
 18
 12
 188
 139
 63
 32
 11
 62
 6
 200
 6
 55
 0
 60
 0
 24
 134
 1
 0
 55
 18
 0
 15
 0
 4
 20
 7
 1
 21
 8
 25
 18
 4
 131
 21
 109
 9
 108
 8
 63
 42
 140
 55
 137
 53.62616755
 0
 39
 161
 88
 69
 78
 61
 16
 32
 40
 0
 53.62616755
 29
 0
 67
 257
 1
 10
 0
 11
 15
 62
 2
 17
 57
 5
 29
 2
 80
 13
 2
 0
 7
 199
 0
 174
 24
 9
 52
 42
 30
 0
 75
 17
 29
 73
 10
 256
 2
 1
 0
 0
 1
 20
 19
 63
 2
 31
 0
 74
 104
 108
 99
 182
 1
 110
 6
 40
 98
 45
 19
 2
 9
 87
 113
 5
 16
 0
 12
 53.62616755
 8
 0
 63
 2
 3
 114
 0
 2
 5
 5
 5
 63
 7
 1
 35
 25
 0
 69
 0
 50
 15
 0
 127
 0
 18
 4
 4
 1
 33
 49
 6
 25
 36
 11
 5
 32
 217
 2
 78
 1
 0
 30
 41
 1
 53.62616755
 28
 245
 1
 19
 5
 133
 1
 53.62616755
 57
 29
 100
 4
 1
 4
 23
 81
 5
 11
 174
 103
 73
 0
 36
 53.62616755
 11
 40
 33
 8
 0
 171
 44
 115
 0
 11
 37
 77
 6
 99
 53.62616755
 0
 270
 90
 70
 26
 68
 0
 53
 12
 3
 0
 2
 5
 13
 12
 38
 113
 0
 80
 0
 117
 135
 76
 0
 23
 53.62616755
 115
 107
 1
 191
 20
 20
 16
 16
 67
 130
 0
 24
 3
 13
 32
 81
 121
 22
 25
 84
 31
 10
 8
 68
 102
 1
 94
 60
 2
 18
 11
 42
 0
 8
 3
 0
 87
 331
 0
 24
