# Created by Octave 4.0.0, Mon Oct 05 22:05:30 2015 India Standard Time <unknown@Manikanta>
# name: X_9
# type: matrix
# rows: 14273
# columns: 1
 4
 11
 3
 9
 6.451429803
 1
 14
 6
 5
 5
 1
 7
 0
 5
 18
 1
 0
 4
 0
 1
 0
 6
 1
 9
 6.451429803
 0
 6
 0
 14
 7
 6
 13
 2
 1
 0
 10
 4
 2
 3
 26
 3
 5
 0
 8
 4
 6.451429803
 1
 1
 5
 0
 0
 3
 11
 0
 1
 14
 14
 0
 2
 0
 0
 3
 3
 5
 0
 2
 0
 43
 6
 4
 0
 0
 18
 0
 6
 4
 1
 0
 6
 0
 4
 37
 15
 10
 1
 0
 17
 0
 0
 1
 8
 17
 6
 0
 24
 5
 0
 0
 0
 0
 5
 0
 7
 0
 15
 3
 0
 48
 1
 1
 17
 7
 0
 5
 9
 53
 0
 1
 14
 2
 0
 0
 0
 3
 2
 4
 2
 3
 10
 9
 4
 10
 5
 3
 5
 2
 0
 0
 10
 3
 10
 1
 0
 2
 0
 0
 9
 1
 0
 6
 3
 2
 1
 0
 6
 13
 1
 0
 2
 0
 24
 0
 6
 0
 1
 0
 0
 8
 0
 5
 1
 3
 0
 4
 0
 9
 1
 4
 6
 3
 0
 49
 2
 3
 3
 0
 0
 6.451429803
 2
 6
 0
 18
 0
 3
 1
 4
 1
 7
 14
 7
 6.451429803
 0
 0
 10
 7
 1
 1
 5
 0
 45
 11
 0
 2
 10
 0
 3
 0
 23
 0
 9
 2
 10
 0
 0
 12
 2
 2
 0
 4
 19
 3
 11
 3
 1
 3
 8
 0
 10
 20
 1
 6
 10
 0
 0
 0
 0
 3
 4
 2
 0
 1
 0
 2
 0
 2
 6
 0
 12
 4
 3
 7
 5
 12
 19
 3
 9
 0
 0
 0
 1
 3
 6
 2
 3
 30
 11
 5
 2
 5
 3
 0
 8
 1
 3
 0
 0
 19
 0
 10
 0
 13
 4
 0
 2
 3
 3
 2
 15
 4
 0
 0
 2
 4
 0
 8
 3
 0
 3
 0
 0
 0
 0
 6
 1
 0
 5
 3
 2
 3
 0
 0
 2
 8
 4
 3
 5
 0
 0
 3
 1
 1
 6
 7
 7
 0
 0
 0
 9
 3
 35
 4
 0
 1
 0
 0
 4
 6.451429803
 3
 20
 26
 5
 1
 24
 2
 24
 0
 14
 0
 16
 7
 2
 1
 0
 6.451429803
 2
 5
 9
 1
 3
 3
 0
 3
 10
 3
 3
 0
 0
 0
 1
 0
 13
 3
 3
 0
 2
 3
 7
 3
 0
 4
 1
 2
 4
 0
 2
 0
 18
 0
 3
 3
 8
 8
 6.451429803
 2
 1
 20
 2
 1
 0
 0
 2
 0
 3
 0
 11
 6
 1
 9
 2
 1
 3
 7
 1
 8
 1
 2
 0
 1
 0
 6
 0
 13
 1
 0
 4
 2
 7
 37
 3
 0
 0
 2
 5
 0
 3
 0
 1
 2
 0
 23
 0
 4
 0
 0
 1
 3
 1
 4
 0
 2
 0
 0
 0
 3
 2
 0
 0
 4
 6
 2
 5
 0
 12
 7
 1
 6
 12
 2
 0
 7
 2
 1
 15
 10
 0
 0
 6
 0
 0
 5
 0
 1
 6
 6.451429803
 33
 0
 0
 14
 16
 0
 3
 27
 6
 8
 1
 15
 0
 10
 0
 2
 0
 11
 0
 0
 6
 1
 0
 0
 14
 0
 4
 3
 7
 0
 9
 5
 1
 0
 15
 0
 0
 0
 8
 1
 2
 3
 0
 7
 4
 4
 1
 1
 4
 3
 0
 9
 0
 30
 14
 0
 0
 4
 5
 1
 8
 19
 13
 6
 1
 2
 0
 7
 1
 3
 2
 31
 5
 3
 7
 9
 9
 5
 2
 0
 11
 32
 2
 0
 6
 1
 0
 7
 2
 6
 6
 13
 4
 0
 13
 0
 0
 0
 25
 13
 37
 22
 5
 2
 0
 14
 10
 2
 0
 0
 4
 5
 0
 13
 9
 2
 5
 2
 0
 3
 5
 12
 15
 4
 3
 7
 0
 4
 0
 2
 30
 0
 3
 0
 2
 6
 0
 0
 0
 23
 0
 0
 2
 2
 4
 3
 3
 0
 0
 0
 0
 0
 2
 0
 2
 1
 0
 38
 1
 0
 6
 7
 16
 0
 0
 6.451429803
 0
 5
 14
 19
 0
 0
 1
 8
 1
 0
 0
 6
 7
 1
 0
 5
 17
 0
 10
 2
 0
 1
 0
 1
 1
 11
 4
 1
 11
 0
 2
 4
 0
 1
 26
 0
 12
 0
 0
 3
 1
 1
 0
 12
 0
 9
 1
 0
 0
 0
 4
 3
 2
 2
 5
 1
 3
 9
 0
 1
 5
 10
 1
 0
 2
 4
 6
 0
 0
 0
 0
 0
 2
 0
 1
 5
 0
 4
 0
 1
 2
 1
 0
 0
 0
 2
 0
 4
 0
 17
 0
 6.451429803
 0
 11
 1
 0
 0
 0
 7
 0
 0
 3
 14
 0
 2
 3
 0
 34
 0
 4
 1
 2
 0
 0
 1
 6
 0
 0
 0
 0
 6.451429803
 14
 1
 2
 7
 2
 0
 0
 1
 4
 0
 1
 5
 0
 7
 0
 0
 10
 3
 1
 2
 6
 2
 12
 4
 0
 3
 4
 1
 0
 11
 6
 3
 7
 0
 16
 1
 0
 0
 16
 2
 3
 3
 8
 0
 0
 0
 5
 4
 0
 3
 2
 10
 3
 6.451429803
 12
 11
 7
 0
 0
 2
 2
 0
 2
 0
 1
 19
 0
 2
 0
 0
 6
 1
 0
 3
 8
 0
 5
 1
 1
 8
 6
 0
 3
 4
 0
 7
 3
 2
 10
 0
 8
 0
 0
 0
 0
 0
 6.451429803
 13
 1
 2
 15
 0
 8
 5
 0
 5
 0
 1
 0
 12
 2
 6
 2
 1
 0
 6
 5
 0
 1
 0
 1
 1
 1
 0
 6
 0
 0
 0
 5
 0
 1
 1
 43
 3
 2
 0
 1
 7
 2
 8
 1
 4
 11
 6
 0
 2
 0
 13
 6
 2
 15
 4
 5
 3
 7
 9
 0
 1
 1
 2
 0
 5
 0
 16
 0
 6
 0
 2
 6
 0
 7
 12
 1
 7
 0
 15
 5
 21
 0
 1
 0
 30
 8
 6
 2
 2
 0
 3
 1
 2
 12
 3
 1
 26
 16
 1
 0
 2
 5
 0
 6
 4
 0
 0
 0
 8
 0
 2
 1
 3
 0
 0
 0
 2
 14
 14
 9
 0
 0
 0
 0
 8
 1
 9
 0
 1
 11
 0
 15
 6
 4
 8
 36
 0
 3
 0
 1
 3
 0
 0
 5
 1
 0
 0
 1
 0
 9
 2
 4
 4
 0
 0
 3
 6
 3
 0
 3
 7
 2
 0
 6.451429803
 5
 2
 30
 3
 4
 0
 1
 0
 3
 1
 1
 2
 5
 1
 0
 0
 0
 8
 11
 11
 3
 3
 5
 3
 1
 4
 0
 2
 0
 13
 2
 0
 10
 0
 0
 1
 1
 0
 5
 0
 0
 3
 1
 9
 2
 0
 1
 3
 1
 17
 31
 0
 3
 0
 1
 0
 0
 4
 3
 1
 0
 0
 9
 0
 0
 11
 12
 6.451429803
 6.451429803
 35
 0
 3
 8
 0
 0
 0
 0
 7
 0
 0
 11
 0
 2
 2
 6.451429803
 2
 8
 5
 0
 1
 0
 1
 6
 15
 2
 1
 6.451429803
 0
 12
 2
 7
 4
 0
 6
 0
 14
 0
 3
 2
 1
 4
 0
 0
 18
 4
 2
 6.451429803
 10
 6.451429803
 6
 5
 0
 6
 0
 0
 0
 1
 7
 3
 0
 1
 1
 1
 6
 17
 1
 0
 10
 14
 0
 0
 4
 0
 0
 8
 0
 3
 4
 3
 4
 6
 0
 0
 0
 17
 4
 3
 0
 3
 6.451429803
 49
 0
 0
 1
 25
 3
 4
 1
 0
 4
 58
 2
 0
 16
 1
 24
 9
 0
 19
 1
 3
 15
 1
 0
 0
 0
 1
 9
 0
 20
 0
 3
 1
 0
 0
 0
 39
 2
 0
 19
 8
 5
 1
 0
 0
 2
 19
 3
 0
 13
 4
 0
 0
 2
 1
 0
 0
 6
 2
 8
 0
 4
 9
 0
 5
 5
 8
 0
 0
 0
 1
 4
 0
 7
 1
 0
 3
 17
 1
 4
 9
 4
 3
 0
 4
 6.451429803
 53
 0
 6
 49
 4
 6
 0
 5
 3
 1
 1
 3
 3
 0
 19
 0
 3
 0
 0
 2
 3
 4
 0
 0
 6
 1
 5
 0
 6.451429803
 0
 0
 15
 2
 23
 0
 0
 8
 0
 0
 1
 0
 0
 0
 2
 0
 0
 10
 4
 0
 11
 2
 1
 0
 0
 3
 1
 0
 1
 3
 1
 0
 4
 1
 0
 0
 0
 1
 0
 22
 4
 3
 0
 3
 9
 6
 9
 0
 5
 0
 1
 0
 2
 29
 0
 1
 1
 1
 0
 0
 9
 0
 0
 0
 8
 1
 0
 2
 4
 0
 0
 0
 0
 0
 1
 6
 0
 4
 3
 0
 1
 0
 8
 0
 2
 5
 7
 0
 0
 0
 1
 1
 2
 2
 20
 18
 1
 7
 31
 0
 2
 0
 7
 1
 1
 1
 0
 8
 0
 0
 1
 0
 3
 0
 0
 3
 8
 5
 0
 3
 17
 8
 5
 0
 8
 13
 3
 0
 31
 4
 0
 0
 9
 0
 2
 5
 0
 4
 0
 0
 0
 0
 14
 15
 17
 9
 2
 1
 0
 3
 9
 4
 4
 7
 6.451429803
 0
 10
 3
 0
 0
 0
 0
 0
 3
 4
 11
 6.451429803
 2
 5
 0
 34
 21
 0
 0
 6.451429803
 5
 6
 8
 15
 1
 1
 1
 9
 13
 0
 3
 0
 24
 6.451429803
 0
 1
 4
 0
 0
 0
 3
 6
 1
 0
 0
 6
 0
 11
 0
 6
 27
 0
 6.451429803
 2
 0
 1
 4
 0
 0
 3
 1
 123
 3
 1
 0
 0
 1
 3
 0
 3
 0
 4
 0
 4
 0
 0
 0
 4
 1
 0
 16
 0
 0
 11
 6.451429803
 6
 8
 5
 2
 0
 2
 6.451429803
 1
 8
 1
 4
 0
 20
 3
 4
 0
 2
 1
 0
 3
 1
 3
 8
 6
 2
 0
 2
 12
 5
 0
 0
 41
 0
 0
 4
 4
 4
 3
 5
 3
 2
 7
 0
 0
 13
 6.451429803
 0
 0
 40
 0
 0
 1
 0
 6.451429803
 4
 1
 8
 4
 1
 0
 4
 1
 4
 9
 0
 0
 1
 1
 0
 2
 0
 0
 0
 3
 1
 30
 0
 10
 12
 16
 1
 2
 4
 3
 1
 1
 8
 20
 17
 5
 2
 0
 0
 21
 3
 11
 2
 33
 0
 10
 15
 1
 4
 2
 0
 2
 2
 16
 5
 9
 2
 0
 6
 3
 0
 3
 1
 48
 2
 0
 0
 2
 4
 38
 8
 0
 0
 5
 0
 16
 4
 5
 12
 3
 4
 5
 0
 0
 5
 0
 1
 14
 2
 0
 0
 0
 6
 14
 5
 2
 4
 0
 0
 5
 3
 2
 46
 0
 0
 2
 3
 0
 0
 0
 0
 3
 19
 8
 4
 7
 3
 31
 6
 20
 0
 1
 0
 21
 1
 3
 8
 0
 0
 1
 2
 64
 0
 0
 7
 9
 8
 1
 1
 2
 0
 4
 0
 4
 17
 4
 5
 5
 1
 2
 11
 41
 8
 2
 6.451429803
 0
 4
 5
 0
 5
 12
 0
 0
 1
 1
 0
 6.451429803
 9
 2
 2
 103
 0
 1
 0
 1
 0
 2
 0
 0
 1
 9
 2
 0
 3
 2
 3
 1
 3
 14
 29
 25
 1
 2
 4
 33
 2
 0
 0
 1
 6
 1
 2
 106
 2
 4
 2
 0
 2
 7
 0
 2
 0
 9
 0
 7
 2
 21
 12
 2
 0
 74
 5
 4
 5
 0
 8
 0
 0
 1
 0
 2
 1
 0
 2
 6.451429803
 6
 0
 0
 1
 1
 7
 0
 1
 0
 0
 1
 0
 1
 0
 3
 3
 0
 10
 0
 0
 0
 0
 7
 0
 0
 1
 0
 2
 1
 1
 2
 2
 3
 0
 1
 2
 0
 3
 31
 0
 0
 0
 2
 0
 6.451429803
 4
 29
 1
 0
 0
 15
 1
 6.451429803
 5
 4
 0
 0
 3
 0
 0
 11
 0
 6
 6
 5
 12
 1
 5
 6.451429803
 4
 0
 7
 0
 0
 8
 28
 5
 0
 6
 1
 2
 2
 7
 6.451429803
 2
 2
 22
 0
 0
 20
 0
 35
 2
 0
 0
 0
 0
 1
 2
 12
 1
 0
 10
 0
 5
 21
 0
 3
 5
 6.451429803
 27
 22
 0
 24
 2
 8
 0
 4
 10
 8
 0
 14
 0
 0
 0
 1
 0
 1
 8
 0
 0
 0
 0
 2
 1
 0
 16
 19
 2
 1
 1
 4
 1
 0
 0
 0
 12
 44
 0
 10
 0
 0
 12
 7
 2
 1
 0
 4
 0
 1
 1
 2
 5
 7
 7
 3
 3
 1
 1
 4
 4
 7
 1
 0
 25
 0
 0
 11
 0
 15
 2
 0
 0
 31
 10
 0
 0
 0
 0
 0
 6
 6
 1
 11
 5
 8
 1
 4
 0
 0
 5
 0
 3
 0
 0
 0
 0
 0
 0
 1
 5
 6
 0
 0
 2
 0
 0
 2
 0
 6
 1
 0
 0
 3
 1
 0
 1
 3
 0
 0
 2
 0
 0
 80
 2
 0
 0
 1
 1
 3
 21
 6
 7
 12
 2
 0
 2
 5
 2
 6
 9
 2
 0
 4
 3
 2
 22
 1
 1
 0
 2
 97
 4
 1
 10
 4
 4
 2
 1
 4
 2
 0
 1
 0
 1
 0
 1
 1
 5
 5
 5
 0
 12
 9
 4
 9
 4
 0
 12
 2
 2
 3
 0
 13
 3
 0
 3
 2
 3
 0
 0
 3
 5
 13
 0
 6.451429803
 0
 14
 4
 8
 0
 34
 0
 0
 1
 0
 7
 2
 5
 0
 5
 9
 1
 1
 1
 7
 4
 0
 0
 3
 0
 2
 1
 4
 6.451429803
 0
 3
 31
 0
 4
 7
 23
 3
 0
 0
 0
 0
 0
 0
 5
 11
 27
 6
 0
 1
 5
 6.451429803
 0
 0
 8
 0
 0
 0
 20
 12
 0
 4
 5
 0
 40
 5
 0
 64
 2
 16
 5
 4
 0
 0
 9
 3
 11
 2
 0
 0
 6.451429803
 16
 6
 0
 1
 6.451429803
 1
 2
 0
 0
 4
 34
 2
 4
 10
 6
 0
 3
 0
 0
 0
 12
 3
 1
 15
 0
 1
 8
 0
 3
 8
 12
 1
 3
 2
 6
 2
 0
 9
 0
 6
 1
 0
 15
 7
 6
 0
 3
 6.451429803
 0
 6
 0
 0
 57
 0
 0
 4
 8
 0
 1
 0
 0
 3
 1
 0
 2
 1
 0
 8
 0
 0
 0
 3
 9
 0
 4
 1
 0
 14
 1
 2
 13
 6
 10
 0
 0
 5
 0
 0
 6.451429803
 0
 0
 28
 3
 5
 5
 0
 29
 1
 1
 1
 0
 0
 4
 34
 1
 0
 0
 2
 0
 0
 0
 3
 6
 36
 0
 1
 1
 1
