# Created by Octave 4.0.0, Fri Oct 09 15:41:17 2015 India Standard Time <unknown@Manikanta>
# name: Theta1
# type: matrix
# rows: 68
# columns: 32
 0.1192237572327171 -0.05867345624796304 -0.03714269637910306 0.05302657376093453 0.07576406688636242 -0.03341189659743982 -0.08051351908273466 0.05853085564970534 0.09461826530814546 -0.05188724502582019 0.03723895155912166 0.04023964627788951 -0.03371211841790456 0.03221888744676044 -0.04995334704329313 0.02022976231546939 -0.06040405568963796 0.07674536988007355 -0.06253626776448608 0.06188760159690099 -0.02482255997127142 0.08611801670848881 -0.08560017985347954 0.04957521684256558 -0.06283491533108851 0.009028431161356848 0.111580988382375 0.0478840042403344 -0.03677726494629799 -0.005774961514506363 -0.09864456795125988 0.04836862166295686
 -0.1084932196649536 -0.002116089985778322 0.088268808801965 -0.1197712786341953 -0.08461194455833401 0.07704080386049625 -0.1157997709299278 -0.03528813641491164 0.1011026482929747 0.04491221003241055 -0.0736482374395699 0.03407769322145759 -0.09007457454632645 -0.002109531098902745 -0.004290862628467174 -0.1060653203639099 -0.08974766533776571 -0.02259766446545437 0.09898140980479006 -0.006972070742568948 0.0918325975502233 -0.03349248576266373 -0.009158947434008746 -0.08108365950330484 0.1082667243614623 0.07479644357574153 0.03501083694527132 0.102505977070438 -0.05111265144228791 -0.05023281586000448 -0.02098797413732378 -0.05992135902691492
 0.08911379456565391 -0.01075015815627926 0.02951410907201585 0.06760335590052044 0.05203089061956603 -0.08489062099375785 -0.04188517043993853 0.02136990307072917 0.008493243417002083 0.007759758314004245 0.03098698811990161 0.004966533554589633 0.03294456920986075 0.1102205657572544 0.004280944008241819 0.0418488168056787 0.05031361160952821 0.08594933371696556 0.08507943919635183 0.002230076891975005 -0.0707882100271728 0.0296788873122979 -0.08024788810254477 -0.1100830358783743 0.1119187879364828 -0.01205297555538636 -0.04911422502840865 0.08332665536895303 -0.1023692874644568 -0.06150505802471017 0.02374789885198472 0.1092722215802239
 0.1077321117779034 -0.05749656754670049 -0.04740857696405323 -0.04146117740215884 0.09235685816432893 -0.04127774595273771 -0.07598135578677551 0.1129224573292153 0.01991644710768481 0.081926775872185 -0.06447279527845545 0.06778202667901295 0.04708205620362155 -0.01787560944144004 0.0570658091185012 0.1187235485483412 0.0635364301843096 0.01776996804016559 -0.03739624915188496 0.09676182512378972 -0.06242632548967204 0.08898151238766172 0.07090558138581099 -0.01469583110002927 -0.02264744543393157 0.07968502342590278 0.06144600073665094 -0.1091067870442923 0.041056913588816 -0.07978340573704741 -0.008924534151934907 -0.0474698428975794
 -0.06488893356700552 -0.06007334675820123 -0.04503180340505179 0.04399796999424688 0.06700641185137166 0.1052744952427743 -0.01103047730859909 0.06135599570991976 -0.06279926831558216 0.03288078947097864 -0.09855669704205296 0.08804695222575235 -0.008312926057062367 0.1037304967534455 0.1016838977657834 0.04985581962617577 -0.05613132110307928 -0.002143619408834826 -0.06669119779462829 0.002865794628247265 -0.03305251181822449 0.0009872727062639058 0.04943353884416216 0.02893516362763734 0.1029176553690541 -0.007719551292112978 0.05318941475009503 0.1036346976909283 -0.05750627846868281 -0.05501073650395184 0.05695194342154622 -0.03094972163687473
 -0.1056619402459657 0.04773778612020971 -0.07296474978242776 -0.01697252938492239 0.04562518079944577 -0.1113266388412073 -0.06833194875568603 -0.02719281317187371 -0.09914395021673889 -0.07624462154589937 0.1130639032328018 -0.09908400701928542 -0.03664067684618103 0.09480784427931457 0.0008503032809998867 0.09681892534396652 0.08038816294854093 0.001818012157828564 0.01879786340960468 0.03224161974475043 0.06058004824027741 -0.02829344275087936 -0.02198388279817207 -0.05037402604926232 -0.0395535797841229 0.04747018701698644 0.03073149558295066 0.07136542356535763 -0.1018875226611789 -0.06265807169228131 -0.04013467144445844 0.05425966539556579
 -0.04997519806191066 0.06851510359516785 0.02036483987768556 -0.0429126848486831 0.06863939028370108 -0.05444653299988639 -0.0532737013931554 0.08070492686032979 -0.003478609656389575 -0.05992083442149997 -0.1170494024873307 -0.05631283675190381 0.09527032147888559 -0.1018715806675894 -0.07442161566463194 0.1180423735280074 -0.05923312764386966 -0.07632431269066881 -0.06494618215731829 0.05076571980780414 -0.1072806868881984 -0.03246255881556045 -0.03280204020003755 -0.002837670462945585 -0.06311698061773854 -0.1019405786950763 0.09390111524847025 0.06698433468903675 -0.0116612106356751 0.08582157458293474 -0.110303168683969 -0.1025892105001834
 -0.02703002609502239 0.06179331072700073 -0.01848385937042556 0.09065320775254618 -0.02645932342676392 0.04288874967501852 0.009904803779469173 -0.02041851513803973 0.01716890623647391 -0.07982840001472509 -0.03629230998791519 -0.01704213876533862 -0.0133847878652755 0.04028383760271659 0.001184529270816456 -0.07722349654639638 0.03105464559982138 0.05771263729401699 -0.007931163704589517 -0.0361007375920139 0.004787075093547297 0.04586693713618306 0.01899025216393441 -0.05536903541608387 -0.07278448195446982 -0.05756858173375212 0.1121285753511478 0.07816876250264004 -0.05247013615878518 -0.02062814207662314 0.05282801094665998 -0.05801144656291458
 0.08642890366486672 0.04354382585090277 -0.09862600910300595 0.09681583013126807 0.08316531435481148 0.0140779439392 0.09777228541588856 0.03126638246790059 0.0408482336163325 -0.05852725257480364 0.04210169510470124 0.01936315335019384 -0.08241901002939754 0.008747726290267877 -0.04910511090937485 0.1089561264822031 0.05709029883462469 -0.01292758794738431 -0.03125813898981933 -0.07036421982035015 -0.0865878341274452 -0.07094638445812004 -0.07923347423639981 -0.03458117832927156 -0.04370090872189186 -0.04932096346471333 0.07008336822637384 0.1016272078144855 0.09072561246967278 -0.06454556677046913 -0.1122816253991726 0.06734658913100122
 0.08493604394788068 0.0546559300328523 0.06643709139655504 -0.03772512136040476 -0.05066343446188644 -0.02220215768628785 0.06113469798207136 -0.01737519833098039 0.006008427712180769 0.05006233413540684 -0.09794632296677935 0.03504298651580981 0.04604207665520593 -0.001942490469413055 0.09817462134270794 0.03679137709683819 0.08071449073656869 0.07820827393699303 -0.05200118584953824 0.05884804253923837 -0.05310733228342071 -0.005528842142600368 -0.1100955063709148 0.1027434265099228 -0.0340881816664266 0.04678120840481242 0.0154084894022386 -0.01152337815689831 0.004708656469344652 -0.005386887837162818 -0.01550877824961902 0.08424236669128776
 -0.117086848850094 -0.03763294995728704 0.01406825934921044 -0.01398968353582351 0.006535278238751885 -0.04297316977944061 -0.06932623614895403 0.0977113797099749 -0.02551369476120305 -0.06115672769752647 -0.1176073713386237 0.02990933176960539 -0.001649624602842459 0.1185277999100412 -0.08520824250794032 0.1124299796764479 0.09538649077481187 -0.0106969078781977 -0.04153644730411536 0.08016919037687181 0.0416572973356108 0.07874640777179054 -0.04789755210304349 -0.009093045702649141 0.05479339806677905 -0.06546825578851855 0.1030121341813316 -0.02566859471012033 0.09960305106756032 -0.09194395056805596 0.05223207849822059 -0.05715233141955986
 0.01371087813710725 0.05103434149209737 0.05758417540985938 0.07845106644243763 0.05147798417165084 -0.0375385983588888 0.1064340082327136 -0.01174129178218035 -0.06431407424078128 -0.07538355215373746 -0.1199720627639763 0.07029009148024609 -0.08429213355363391 0.07197753963363757 0.01386113110253018 -0.06083422278252647 -0.0163022961881311 0.1076058774477436 -0.04354939197964157 -0.0361457580803223 -0.1008413326466623 -0.00776775336843033 -0.03094246755314814 -0.1157760582398879 0.03741462684384481 0.05538711259521795 -0.0453471529412791 -0.05483366287122893 0.04842493109943943 0.009045376555804951 -0.02951915652149867 -0.1198402032016434
