# Created by Octave 4.0.0, Fri Oct 09 08:53:03 2015 India Standard Time <unknown@KINvarma>
# name: Theta1
# type: matrix
# rows: 36
# columns: 7
 20.92673878381423 0.07099644842244907 0.01688506250200378 10.5539397118719 0.0131024983293792 -0.02850788339376404 -9.336115241045528
 7.867377523049472 5.180842252922822 -5.593953879190124 -0.006914451855070409 0.02469195988170101 0.01642662711927649 0.04869919269847039
 2.965304601464383 -0.07268588451785518 -7.279525276385494 5.659138691824788 6.952905972805963 -0.09990750800907108 0.07521188985982165
 4.429847565553851 0.07110972484052951 -0.0462528250808986 0.4892707905715296 -0.03767904728938669 -0.4019989991673246 -4.21118342084932
 -14.23756715994595 6.092246090182848 0.01744205549997033 -0.03718509804945187 -0.1478484843699204 0.05727866138023728 -0.03713081663784003
 6.620552865795542 -4.599162849405191 0.1569368615560577 -0.2228726209969764 -0.03884715578918509 -0.04459041284526628 -0.0009143365962068621
 -16.63226725770458 3.865617528892804 0.4207809900938755 1.405569703737724 -0.07087192049189184 -0.1386223813835905 -1.174326922347343
 10.95516324385422 0.0128333250847844 -0.04102125536764083 0.1089433575955981 6.357322143294078 -5.311419430651116 -0.007775002985152972
 -9.355818543422178 3.922320793427161 0.04276018102118572 -1.462578484493844 0.1908198597427719 -0.0668187045565133 0.02247086592656768
 -17.31864849861486 -0.07069515075371008 -0.08900705377413601 -3.910133975593053 -1.061988518820422 7.770113905185825 -0.002852473491638982
 1.498787180529119 -0.2182662937875379 -5.125736170874998 4.419246967152056 6.109187499892615 -0.2461775032644073 -0.04107157624642634
 20.10065990587533 -0.2834462529656456 -0.03720202071507097 5.380233377696428 0.5102203829852822 -8.251864948964265 0.03928225341866595
 -2.943760000262052 -0.3251839575202311 -0.1728007222727975 0.8884502361208726 0.1556109318619204 -1.461789764195643 0.2915860992138056
 13.12212837438589 -0.3058644259900848 -0.004192434011339951 0.2831758672115217 11.43027147243289 0.09007068734602221 -6.002522146829338
 4.439447742499583 -0.2570601835878731 0.1065229683831138 -0.8787303341471885 0.4297046784770525 -1.000624705803696 0.1503623936580745
 -10.85514910420637 -3.751270154555045 -0.0747294898969755 -1.711228189200315 -0.6412562093112222 -0.03400922762416896 4.297712993440427
 15.14942714433078 -3.246235699668698 -0.007881561497360476 0.03198763394030447 -0.0841536075620774 0.0621258158588554 0.002389714601159128
 -2.768859775747734 -0.03779884528235064 -0.1179892141161252 0.1457335203235809 -0.4748219790490331 -0.1630811636915664 0.3325564443589253
 -17.71195431875258 4.927664779122263 -0.07184119398655306 0.0853633180381432 -0.07917463430882757 0.2333026508058146 0.07745634141186081
 -8.904852072871753 3.323706609233865 0.5654985785330819 0.1295568499789176 0.7668079261814151 -0.2857234621657921 0.0953699491314733
 3.669332137813297 -3.42795717317056 -0.1997233802216052 2.921581134114069 -0.5728755299229855 0.250730996533029 -1.467702038963025
 -17.13493280279534 0.2093392592699692 -0.2035349231455836 -0.07850396794971812 6.76157001062811 0.0006112445874799631 0.06084537084113904
 -10.8835328973413 0.130042509505803 -0.2217845285977681 -2.880489316931262 0.7038397716316112 -0.1068280883314813 3.679757485436594
 5.342388421798475 -0.002431774305973208 -1.386987865318281 2.47811863530805 -2.919758827644901 -0.9970939950359901 -0.2593392489863898
 -0.7156032192856888 -1.947161817290366 -0.03174275391287582 2.746136906525591 0.05336495393729879 0.07420134114101817 0.01489276757855762
 -1.513041135896775 1.653983488235761 0.7512102704400351 -1.387772990966109 -0.6525829086402642 -0.120091597958444 0.173371657465535
 -4.186164407798135 -3.295888866498851 3.535341482707639 -0.7611671176579945 -1.461610117016664 0.08851855919503299 -0.1293203598738154
 6.586417069026357 0.03374967978711947 0.01550747321635424 -0.1096527712964596 2.917915344273612 0.06358132843631914 -2.069311672619769
 7.049431951699193 -0.5732501492582345 -0.2746206946756719 0.2518443584592292 -0.9005278745904135 0.6087796090237755 -1.244439488466159
 5.361974398421697 4.260972805754495 -3.971455280241945 -0.1661959869839042 0.5654860516253999 -0.04271879949064628 0.04500358947262503
 0.06613189668367198 0.09864289325170687 1.067986723277687 -1.247618267286519 -1.545017582821466 1.705205182337024 0.03011223741027979
 -1.819461337719146 0.1083604970924207 -1.007538177864593 1.021386798947116 -0.2375499089055227 0.2964631292209154 0.2053469007415489
 -0.432643058277323 0.130476033309568 0.3031852983265387 0.08170888147118918 0.1435241536593809 -0.08229919700423324 -0.8478195868817556
 4.615856566411307 -2.982857862036521 0.08008926634625382 0.07851672620877313 0.2837525571594779 -0.2299412843192581 -0.1792893118345222
 -3.603216385964032 -0.01502617785637485 0.613310176666409 -0.8337847540503115 -0.3749268321184157 0.8395160721427781 1.359620634342456
 -14.21838549575694 0.0420621092750631 0.1441525411345435 -7.300347096109526 -0.1537275145493653 0.02904566672865468 5.851024512275239


